1 -1.98055 -0.510145 0 -1 -1 -1 -1 -1 -1 -1 -1 -1 -1 -1 -1 -1 -1 -1 -1 -1 -1 -1 -1 -1 -1 -1 -1 -1 -1 -1 -1 -1
2 -1.97891 1.60373 0 -1 -1 -1 -1 -1 -1 -1 -1 -1 -1 -1 -1 -1 -1 -1 -1 -1 -1 -1 -1 -1 -1 -1 -1 -1 -1 -1 -1 -1
3 -1.30801 -1.88323 0 -1 -1 -1 -1 -1 -1 -1 -1 -1 -1 -1 -1 -1 -1 -1 -1 -1 -1 -1 -1 -1 -1 -1 -1 -1 -1 -1 -1 -1
4 -1.15801 -0.679631 0 15 -1 -1 -1 -1 -1 -1 -1 -1 -1 -1 -1 -1 -1 -1 -1 -1 -1 -1 -1 -1 -1 -1 -1 -1 -1 -1 -1 -1
5 -0.572628 0.416178 0 15 -1 -1 -1 -1 -1 -1 -1 -1 -1 -1 -1 -1 -1 -1 -1 -1 -1 -1 -1 -1 -1 -1 -1 -1 -1 -1 -1 -1
6 -0.918477 0.669035 0 15 -1 -1 -1 -1 -1 -1 -1 -1 -1 -1 -1 -1 -1 -1 -1 -1 -1 -1 -1 -1 -1 -1 -1 -1 -1 -1 -1 -1
7 -1.18112 2.12129 0 -1 -1 -1 -1 -1 -1 -1 -1 -1 -1 -1 -1 -1 -1 -1 -1 -1 -1 -1 -1 -1 -1 -1 -1 -1 -1 -1 -1 -1
16 -0.245219 -1.88103 15 -1 -1 -1 -1 -1 -1 -1 -1 -1 -1 -1 -1 -1 -1 -1 -1 -1 -1 -1 -1 -1 -1 -1 -1 -1 -1 -1 -1 -1
8 0.026456 -1.39674 0 24 -1 -1 -1 -1 -1 -1 -1 -1 -1 -1 -1 -1 -1 -1 -1 -1 -1 -1 -1 -1 -1 -1 -1 -1 -1 -1 -1 -1
9 0.314286 -0.0760654 0 15 24 -1 -1 -1 -1 -1 -1 -1 -1 -1 -1 -1 -1 -1 -1 -1 -1 -1 -1 -1 -1 -1 -1 -1 -1 -1 -1 -1
10 -0.103706 0.552735 0 15 24 -1 -1 -1 -1 -1 -1 -1 -1 -1 -1 -1 -1 -1 -1 -1 -1 -1 -1 -1 -1 -1 -1 -1 -1 -1 -1 -1
11 -0.236561 1.70698 0 15 -1 -1 -1 -1 -1 -1 -1 -1 -1 -1 -1 -1 -1 -1 -1 -1 -1 -1 -1 -1 -1 -1 -1 -1 -1 -1 -1 -1
17 0.595906 -2.19397 15 -1 -1 -1 -1 -1 -1 -1 -1 -1 -1 -1 -1 -1 -1 -1 -1 -1 -1 -1 -1 -1 -1 -1 -1 -1 -1 -1 -1 -1
12 1.47769 -0.635345 0 15 24 30 -1 -1 -1 -1 -1 -1 -1 -1 -1 -1 -1 -1 -1 -1 -1 -1 -1 -1 -1 -1 -1 -1 -1 -1 -1 -1
18 0.668318 0.0824787 15 24 -1 -1 -1 -1 -1 -1 -1 -1 -1 -1 -1 -1 -1 -1 -1 -1 -1 -1 -1 -1 -1 -1 -1 -1 -1 -1 -1 -1
13 1.41509 1.43827 0 15 24 -1 -1 -1 -1 -1 -1 -1 -1 -1 -1 -1 -1 -1 -1 -1 -1 -1 -1 -1 -1 -1 -1 -1 -1 -1 -1 -1
19 0.56314 2.15939 15 24 -1 -1 -1 -1 -1 -1 -1 -1 -1 -1 -1 -1 -1 -1 -1 -1 -1 -1 -1 -1 -1 -1 -1 -1 -1 -1 -1 -1
20 1.62219 -2.17755 15 -1 -1 -1 -1 -1 -1 -1 -1 -1 -1 -1 -1 -1 -1 -1 -1 -1 -1 -1 -1 -1 -1 -1 -1 -1 -1 -1 -1 -1
25 2.09274 -1.20348 24 30 38 -1 -1 -1 -1 -1 -1 -1 -1 -1 -1 -1 -1 -1 -1 -1 -1 -1 -1 -1 -1 -1 -1 -1 -1 -1 -1 -1
21 1.48621 -0.292759 15 24 30 -1 -1 -1 -1 -1 -1 -1 -1 -1 -1 -1 -1 -1 -1 -1 -1 -1 -1 -1 -1 -1 -1 -1 -1 -1 -1 -1
14 2.37359 0.526858 0 24 30 -1 -1 -1 -1 -1 -1 -1 -1 -1 -1 -1 -1 -1 -1 -1 -1 -1 -1 -1 -1 -1 -1 -1 -1 -1 -1 -1
22 1.54883 1.84505 15 24 30 -1 -1 -1 -1 -1 -1 -1 -1 -1 -1 -1 -1 -1 -1 -1 -1 -1 -1 -1 -1 -1 -1 -1 -1 -1 -1 -1
31 3.18774 -2.16955 30 38 -1 -1 -1 -1 -1 -1 -1 -1 -1 -1 -1 -1 -1 -1 -1 -1 -1 -1 -1 -1 -1 -1 -1 -1 -1 -1 -1 -1
26 2.57434 -0.753617 24 38 43 -1 -1 -1 -1 -1 -1 -1 -1 -1 -1 -1 -1 -1 -1 -1 -1 -1 -1 -1 -1 -1 -1 -1 -1 -1 -1 -1
23 2.96577 0.336466 15 24 30 38 43 -1 -1 -1 -1 -1 -1 -1 -1 -1 -1 -1 -1 -1 -1 -1 -1 -1 -1 -1 -1 -1 -1 -1 -1 -1
27 3.1863 1.02027 24 38 43 -1 -1 -1 -1 -1 -1 -1 -1 -1 -1 -1 -1 -1 -1 -1 -1 -1 -1 -1 -1 -1 -1 -1 -1 -1 -1 -1
28 2.98156 1.6439 24 30 38 50 55 60 -1 -1 -1 -1 -1 -1 -1 -1 -1 -1 -1 -1 -1 -1 -1 -1 -1 -1 -1 -1 -1 -1 -1 -1
61 2.51556 2.71707 60 -1 -1 -1 -1 -1 -1 -1 -1 -1 -1 -1 -1 -1 -1 -1 -1 -1 -1 -1 -1 -1 -1 -1 -1 -1 -1 -1 -1 -1
64 3.13168 4.42453 63 -1 -1 -1 -1 -1 -1 -1 -1 -1 -1 -1 -1 -1 -1 -1 -1 -1 -1 -1 -1 -1 -1 -1 -1 -1 -1 -1 -1 -1
65 2.53101 4.4766 63 70 -1 -1 -1 -1 -1 -1 -1 -1 -1 -1 -1 -1 -1 -1 -1 -1 -1 -1 -1 -1 -1 -1 -1 -1 -1 -1 -1 -1
71 3.23423 6.31483 70 -1 -1 -1 -1 -1 -1 -1 -1 -1 -1 -1 -1 -1 -1 -1 -1 -1 -1 -1 -1 -1 -1 -1 -1 -1 -1 -1 -1 -1
39 3.7062 -1.77902 38 43 -1 -1 -1 -1 -1 -1 -1 -1 -1 -1 -1 -1 -1 -1 -1 -1 -1 -1 -1 -1 -1 -1 -1 -1 -1 -1 -1 -1
32 4.03294 -1.23242 30 38 43 50 -1 -1 -1 -1 -1 -1 -1 -1 -1 -1 -1 -1 -1 -1 -1 -1 -1 -1 -1 -1 -1 -1 -1 -1 -1 -1
29 3.62581 0.141189 24 30 38 43 50 55 -1 -1 -1 -1 -1 -1 -1 -1 -1 -1 -1 -1 -1 -1 -1 -1 -1 -1 -1 -1 -1 -1 -1 -1
33 4.29857 0.587187 30 38 43 50 55 60 -1 -1 -1 -1 -1 -1 -1 -1 -1 -1 -1 -1 -1 -1 -1 -1 -1 -1 -1 -1 -1 -1 -1 -1
34 3.90667 1.57078 30 38 43 50 55 60 -1 -1 -1 -1 -1 -1 -1 -1 -1 -1 -1 -1 -1 -1 -1 -1 -1 -1 -1 -1 -1 -1 -1 -1
56 3.54097 3.2213 55 63 70 -1 -1 -1 -1 -1 -1 -1 -1 -1 -1 -1 -1 -1 -1 -1 -1 -1 -1 -1 -1 -1 -1 -1 -1 -1 -1 -1
62 3.49172 4.0981 60 63 70 80 -1 -1 -1 -1 -1 -1 -1 -1 -1 -1 -1 -1 -1 -1 -1 -1 -1 -1 -1 -1 -1 -1 -1 -1 -1 -1
72 4.14851 4.94143 70 80 -1 -1 -1 -1 -1 -1 -1 -1 -1 -1 -1 -1 -1 -1 -1 -1 -1 -1 -1 -1 -1 -1 -1 -1 -1 -1 -1 -1
73 3.67005 6.20952 70 -1 -1 -1 -1 -1 -1 -1 -1 -1 -1 -1 -1 -1 -1 -1 -1 -1 -1 -1 -1 -1 -1 -1 -1 -1 -1 -1 -1 -1
74 3.72265 7.23222 70 -1 -1 -1 -1 -1 -1 -1 -1 -1 -1 -1 -1 -1 -1 -1 -1 -1 -1 -1 -1 -1 -1 -1 -1 -1 -1 -1 -1 -1
40 4.90398 -1.81093 38 -1 -1 -1 -1 -1 -1 -1 -1 -1 -1 -1 -1 -1 -1 -1 -1 -1 -1 -1 -1 -1 -1 -1 -1 -1 -1 -1 -1 -1
35 4.56365 -1.62338 30 38 50 -1 -1 -1 -1 -1 -1 -1 -1 -1 -1 -1 -1 -1 -1 -1 -1 -1 -1 -1 -1 -1 -1 -1 -1 -1 -1 -1
36 4.46597 0.236897 30 38 43 50 55 -1 -1 -1 -1 -1 -1 -1 -1 -1 -1 -1 -1 -1 -1 -1 -1 -1 -1 -1 -1 -1 -1 -1 -1 -1
37 4.49694 1.15798 30 38 43 50 60 -1 -1 -1 -1 -1 -1 -1 -1 -1 -1 -1 -1 -1 -1 -1 -1 -1 -1 -1 -1 -1 -1 -1 -1 -1
44 5.52973 2.0786 43 50 55 60 -1 -1 -1 -1 -1 -1 -1 -1 -1 -1 -1 -1 -1 -1 -1 -1 -1 -1 -1 -1 -1 -1 -1 -1 -1 -1
51 4.66567 3.3638 50 55 60 63 70 80 -1 -1 -1 -1 -1 -1 -1 -1 -1 -1 -1 -1 -1 -1 -1 -1 -1 -1 -1 -1 -1 -1 -1 -1
57 4.70012 3.91122 55 60 70 80 -1 -1 -1 -1 -1 -1 -1 -1 -1 -1 -1 -1 -1 -1 -1 -1 -1 -1 -1 -1 -1 -1 -1 -1 -1 -1
75 5.01862 4.60064 70 80 83 -1 -1 -1 -1 -1 -1 -1 -1 -1 -1 -1 -1 -1 -1 -1 -1 -1 -1 -1 -1 -1 -1 -1 -1 -1 -1 -1
66 4.9012 6.35221 63 70 80 83 -1 -1 -1 -1 -1 -1 -1 -1 -1 -1 -1 -1 -1 -1 -1 -1 -1 -1 -1 -1 -1 -1 -1 -1 -1 -1
76 4.94181 6.64021 70 83 -1 -1 -1 -1 -1 -1 -1 -1 -1 -1 -1 -1 -1 -1 -1 -1 -1 -1 -1 -1 -1 -1 -1 -1 -1 -1 -1 -1
45 5.3567 -2.6398 43 -1 -1 -1 -1 -1 -1 -1 -1 -1 -1 -1 -1 -1 -1 -1 -1 -1 -1 -1 -1 -1 -1 -1 -1 -1 -1 -1 -1 -1
41 5.50777 -1.57925 38 43 -1 -1 -1 -1 -1 -1 -1 -1 -1 -1 -1 -1 -1 -1 -1 -1 -1 -1 -1 -1 -1 -1 -1 -1 -1 -1 -1 -1
42 5.35701 -0.449989 38 43 50 55 -1 -1 -1 -1 -1 -1 -1 -1 -1 -1 -1 -1 -1 -1 -1 -1 -1 -1 -1 -1 -1 -1 -1 -1 -1 -1
46 6.16183 1.22956 43 50 55 -1 -1 -1 -1 -1 -1 -1 -1 -1 -1 -1 -1 -1 -1 -1 -1 -1 -1 -1 -1 -1 -1 -1 -1 -1 -1 -1
52 5.84114 2.33635 50 55 60 63 -1 -1 -1 -1 -1 -1 -1 -1 -1 -1 -1 -1 -1 -1 -1 -1 -1 -1 -1 -1 -1 -1 -1 -1 -1 -1
58 6.30698 3.25974 55 60 63 80 87 -1 -1 -1 -1 -1 -1 -1 -1 -1 -1 -1 -1 -1 -1 -1 -1 -1 -1 -1 -1 -1 -1 -1 -1 -1
77 5.41012 4.03445 70 80 83 -1 -1 -1 -1 -1 -1 -1 -1 -1 -1 -1 -1 -1 -1 -1 -1 -1 -1 -1 -1 -1 -1 -1 -1 -1 -1 -1
67 6.00706 4.74767 63 80 87 -1 -1 -1 -1 -1 -1 -1 -1 -1 -1 -1 -1 -1 -1 -1 -1 -1 -1 -1 -1 -1 -1 -1 -1 -1 -1 -1
78 5.8915 6.41887 70 80 83 87 -1 -1 -1 -1 -1 -1 -1 -1 -1 -1 -1 -1 -1 -1 -1 -1 -1 -1 -1 -1 -1 -1 -1 -1 -1 -1
81 5.5717 7.35026 80 -1 -1 -1 -1 -1 -1 -1 -1 -1 -1 -1 -1 -1 -1 -1 -1 -1 -1 -1 -1 -1 -1 -1 -1 -1 -1 -1 -1 -1
47 6.08293 -2.13988 43 -1 -1 -1 -1 -1 -1 -1 -1 -1 -1 -1 -1 -1 -1 -1 -1 -1 -1 -1 -1 -1 -1 -1 -1 -1 -1 -1 -1 -1
48 6.45639 -0.808713 43 50 -1 -1 -1 -1 -1 -1 -1 -1 -1 -1 -1 -1 -1 -1 -1 -1 -1 -1 -1 -1 -1 -1 -1 -1 -1 -1 -1 -1
49 6.93534 -0.515305 43 -1 -1 -1 -1 -1 -1 -1 -1 -1 -1 -1 -1 -1 -1 -1 -1 -1 -1 -1 -1 -1 -1 -1 -1 -1 -1 -1 -1 -1
53 7.24763 1.10179 50 55 -1 -1 -1 -1 -1 -1 -1 -1 -1 -1 -1 -1 -1 -1 -1 -1 -1 -1 -1 -1 -1 -1 -1 -1 -1 -1 -1 -1
59 7.19098 1.79244 55 -1 -1 -1 -1 -1 -1 -1 -1 -1 -1 -1 -1 -1 -1 -1 -1 -1 -1 -1 -1 -1 -1 -1 -1 -1 -1 -1 -1 -1
54 6.60999 2.35395 50 55 60 63 80 83 -1 -1 -1 -1 -1 -1 -1 -1 -1 -1 -1 -1 -1 -1 -1 -1 -1 -1 -1 -1 -1 -1 -1 -1
79 7.07991 4.43265 70 80 83 87 94 -1 -1 -1 -1 -1 -1 -1 -1 -1 -1 -1 -1 -1 -1 -1 -1 -1 -1 -1 -1 -1 -1 -1 -1 -1
68 7.12068 4.95294 63 70 80 83 87 94 -1 -1 -1 -1 -1 -1 -1 -1 -1 -1 -1 -1 -1 -1 -1 -1 -1 -1 -1 -1 -1 -1 -1 -1
69 6.4434 5.82983 63 80 83 87 -1 -1 -1 -1 -1 -1 -1 -1 -1 -1 -1 -1 -1 -1 -1 -1 -1 -1 -1 -1 -1 -1 -1 -1 -1 -1
88 6.48354 6.8401 87 -1 -1 -1 -1 -1 -1 -1 -1 -1 -1 -1 -1 -1 -1 -1 -1 -1 -1 -1 -1 -1 -1 -1 -1 -1 -1 -1 -1 -1
131 8.74879 -1.08368 130 -1 -1 -1 -1 -1 -1 -1 -1 -1 -1 -1 -1 -1 -1 -1 -1 -1 -1 -1 -1 -1 -1 -1 -1 -1 -1 -1 -1 -1
116 8.78865 0.481054 115 130 -1 -1 -1 -1 -1 -1 -1 -1 -1 -1 -1 -1 -1 -1 -1 -1 -1 -1 -1 -1 -1 -1 -1 -1 -1 -1 -1 -1
126 8.24503 1.49306 125 -1 -1 -1 -1 -1 -1 -1 -1 -1 -1 -1 -1 -1 -1 -1 -1 -1 -1 -1 -1 -1 -1 -1 -1 -1 -1 -1 -1 -1
117 7.84999 2.3163 115 -1 -1 -1 -1 -1 -1 -1 -1 -1 -1 -1 -1 -1 -1 -1 -1 -1 -1 -1 -1 -1 -1 -1 -1 -1 -1 -1 -1 -1
95 8.11635 2.96712 94 109 -1 -1 -1 -1 -1 -1 -1 -1 -1 -1 -1 -1 -1 -1 -1 -1 -1 -1 -1 -1 -1 -1 -1 -1 -1 -1 -1 -1
89 7.92053 3.75315 87 101 109 111 115 -1 -1 -1 -1 -1 -1 -1 -1 -1 -1 -1 -1 -1 -1 -1 -1 -1 -1 -1 -1 -1 -1 -1 -1 -1
82 8.12361 5.44741 80 87 94 109 -1 -1 -1 -1 -1 -1 -1 -1 -1 -1 -1 -1 -1 -1 -1 -1 -1 -1 -1 -1 -1 -1 -1 -1 -1 -1
84 8.15015 5.92251 83 87 94 109 -1 -1 -1 -1 -1 -1 -1 -1 -1 -1 -1 -1 -1 -1 -1 -1 -1 -1 -1 -1 -1 -1 -1 -1 -1 -1
90 7.65508 6.72195 87 94 101 -1 -1 -1 -1 -1 -1 -1 -1 -1 -1 -1 -1 -1 -1 -1 -1 -1 -1 -1 -1 -1 -1 -1 -1 -1 -1 -1
132 9.48623 -1.64233 130 -1 -1 -1 -1 -1 -1 -1 -1 -1 -1 -1 -1 -1 -1 -1 -1 -1 -1 -1 -1 -1 -1 -1 -1 -1 -1 -1 -1 -1
133 9.94184 -0.318404 130 138 -1 -1 -1 -1 -1 -1 -1 -1 -1 -1 -1 -1 -1 -1 -1 -1 -1 -1 -1 -1 -1 -1 -1 -1 -1 -1 -1 -1
127 9.41603 0.105668 125 130 138 -1 -1 -1 -1 -1 -1 -1 -1 -1 -1 -1 -1 -1 -1 -1 -1 -1 -1 -1 -1 -1 -1 -1 -1 -1 -1 -1
118 9.09089 0.969942 115 125 130 138 -1 -1 -1 -1 -1 -1 -1 -1 -1 -1 -1 -1 -1 -1 -1 -1 -1 -1 -1 -1 -1 -1 -1 -1 -1 -1
112 9.34042 1.82752 111 115 125 130 -1 -1 -1 -1 -1 -1 -1 -1 -1 -1 -1 -1 -1 -1 -1 -1 -1 -1 -1 -1 -1 -1 -1 -1 -1 -1
85 8.42777 3.75757 83 101 109 111 115 -1 -1 -1 -1 -1 -1 -1 -1 -1 -1 -1 -1 -1 -1 -1 -1 -1 -1 -1 -1 -1 -1 -1 -1 -1
96 9.27624 4.06502 94 109 111 -1 -1 -1 -1 -1 -1 -1 -1 -1 -1 -1 -1 -1 -1 -1 -1 -1 -1 -1 -1 -1 -1 -1 -1 -1 -1 -1
91 9.16177 5.27326 87 94 101 109 111 -1 -1 -1 -1 -1 -1 -1 -1 -1 -1 -1 -1 -1 -1 -1 -1 -1 -1 -1 -1 -1 -1 -1 -1 -1
86 8.47739 6.10816 83 94 109 -1 -1 -1 -1 -1 -1 -1 -1 -1 -1 -1 -1 -1 -1 -1 -1 -1 -1 -1 -1 -1 -1 -1 -1 -1 -1 -1
97 8.78023 6.9107 94 101 -1 -1 -1 -1 -1 -1 -1 -1 -1 -1 -1 -1 -1 -1 -1 -1 -1 -1 -1 -1 -1 -1 -1 -1 -1 -1 -1 -1
134 10.9222 -1.15528 130 138 -1 -1 -1 -1 -1 -1 -1 -1 -1 -1 -1 -1 -1 -1 -1 -1 -1 -1 -1 -1 -1 -1 -1 -1 -1 -1 -1 -1
128 11.1909 -0.094837 125 130 138 144 -1 -1 -1 -1 -1 -1 -1 -1 -1 -1 -1 -1 -1 -1 -1 -1 -1 -1 -1 -1 -1 -1 -1 -1 -1 -1
119 10.6247 0.717343 115 125 130 138 144 -1 -1 -1 -1 -1 -1 -1 -1 -1 -1 -1 -1 -1 -1 -1 -1 -1 -1 -1 -1 -1 -1 -1 -1 -1
129 10.5036 1.19399 125 130 138 -1 -1 -1 -1 -1 -1 -1 -1 -1 -1 -1 -1 -1 -1 -1 -1 -1 -1 -1 -1 -1 -1 -1 -1 -1 -1 -1
120 10.5455 2.48025 115 130 144 -1 -1 -1 -1 -1 -1 -1 -1 -1 -1 -1 -1 -1 -1 -1 -1 -1 -1 -1 -1 -1 -1 -1 -1 -1 -1 -1
98 9.58869 3.13085 94 101 111 115 -1 -1 -1 -1 -1 -1 -1 -1 -1 -1 -1 -1 -1 -1 -1 -1 -1 -1 -1 -1 -1 -1 -1 -1 -1 -1
92 9.68359 4.72516 87 94 101 111 -1 -1 -1 -1 -1 -1 -1 -1 -1 -1 -1 -1 -1 -1 -1 -1 -1 -1 -1 -1 -1 -1 -1 -1 -1 -1
102 9.47625 5.07961 101 109 111 -1 -1 -1 -1 -1 -1 -1 -1 -1 -1 -1 -1 -1 -1 -1 -1 -1 -1 -1 -1 -1 -1 -1 -1 -1 -1 -1
93 9.50739 6.71734 87 94 109 -1 -1 -1 -1 -1 -1 -1 -1 -1 -1 -1 -1 -1 -1 -1 -1 -1 -1 -1 -1 -1 -1 -1 -1 -1 -1 -1
103 9.66309 6.9724 101 -1 -1 -1 -1 -1 -1 -1 -1 -1 -1 -1 -1 -1 -1 -1 -1 -1 -1 -1 -1 -1 -1 -1 -1 -1 -1 -1 -1 -1
135 11.5835 -0.815669 130 138 -1 -1 -1 -1 -1 -1 -1 -1 -1 -1 -1 -1 -1 -1 -1 -1 -1 -1 -1 -1 -1 -1 -1 -1 -1 -1 -1 -1
136 12.2138 -0.326443 130 138 144 148 -1 -1 -1 -1 -1 -1 -1 -1 -1 -1 -1 -1 -1 -1 -1 -1 -1 -1 -1 -1 -1 -1 -1 -1 -1 -1
121 12.0911 0.958653 115 125 138 148 -1 -1 -1 -1 -1 -1 -1 -1 -1 -1 -1 -1 -1 -1 -1 -1 -1 -1 -1 -1 -1 -1 -1 -1 -1 -1
113 10.8769 1.6832 111 115 125 138 144 -1 -1 -1 -1 -1 -1 -1 -1 -1 -1 -1 -1 -1 -1 -1 -1 -1 -1 -1 -1 -1 -1 -1 -1 -1
122 11.3017 2.36329 115 125 130 138 144 148 -1 -1 -1 -1 -1 -1 -1 -1 -1 -1 -1 -1 -1 -1 -1 -1 -1 -1 -1 -1 -1 -1 -1 -1
114 11.1114 3.07957 111 125 -1 -1 -1 -1 -1 -1 -1 -1 -1 -1 -1 -1 -1 -1 -1 -1 -1 -1 -1 -1 -1 -1 -1 -1 -1 -1 -1 -1
99 10.5685 4.24626 94 101 109 111 115 -1 -1 -1 -1 -1 -1 -1 -1 -1 -1 -1 -1 -1 -1 -1 -1 -1 -1 -1 -1 -1 -1 -1 -1 -1
100 10.957 5.58456 94 101 109 111 -1 -1 -1 -1 -1 -1 -1 -1 -1 -1 -1 -1 -1 -1 -1 -1 -1 -1 -1 -1 -1 -1 -1 -1 -1 -1
104 10.9866 6.52562 101 109 -1 -1 -1 -1 -1 -1 -1 -1 -1 -1 -1 -1 -1 -1 -1 -1 -1 -1 -1 -1 -1 -1 -1 -1 -1 -1 -1 -1
105 9.97367 7.69891 101 -1 -1 -1 -1 -1 -1 -1 -1 -1 -1 -1 -1 -1 -1 -1 -1 -1 -1 -1 -1 -1 -1 -1 -1 -1 -1 -1 -1 -1
139 12.507 -1.65961 138 -1 -1 -1 -1 -1 -1 -1 -1 -1 -1 -1 -1 -1 -1 -1 -1 -1 -1 -1 -1 -1 -1 -1 -1 -1 -1 -1 -1 -1
137 12.438 -0.285734 130 144 148 -1 -1 -1 -1 -1 -1 -1 -1 -1 -1 -1 -1 -1 -1 -1 -1 -1 -1 -1 -1 -1 -1 -1 -1 -1 -1 -1
140 12.7773 0.423536 138 144 148 153 -1 -1 -1 -1 -1 -1 -1 -1 -1 -1 -1 -1 -1 -1 -1 -1 -1 -1 -1 -1 -1 -1 -1 -1 -1 -1
123 12.4386 2.32643 115 125 130 153 -1 -1 -1 -1 -1 -1 -1 -1 -1 -1 -1 -1 -1 -1 -1 -1 -1 -1 -1 -1 -1 -1 -1 -1 -1 -1
124 12.481 2.50456 115 125 138 144 148 153 -1 -1 -1 -1 -1 -1 -1 -1 -1 -1 -1 -1 -1 -1 -1 -1 -1 -1 -1 -1 -1 -1 -1 -1
110 11.828 3.59049 109 115 -1 -1 -1 -1 -1 -1 -1 -1 -1 -1 -1 -1 -1 -1 -1 -1 -1 -1 -1 -1 -1 -1 -1 -1 -1 -1 -1 -1
106 11.9867 5.06001 101 -1 -1 -1 -1 -1 -1 -1 -1 -1 -1 -1 -1 -1 -1 -1 -1 -1 -1 -1 -1 -1 -1 -1 -1 -1 -1 -1 -1 -1
107 11.3549 6.03243 101 109 -1 -1 -1 -1 -1 -1 -1 -1 -1 -1 -1 -1 -1 -1 -1 -1 -1 -1 -1 -1 -1 -1 -1 -1 -1 -1 -1 -1
108 11.0367 6.72973 101 -1 -1 -1 -1 -1 -1 -1 -1 -1 -1 -1 -1 -1 -1 -1 -1 -1 -1 -1 -1 -1 -1 -1 -1 -1 -1 -1 -1 -1
489 14.9551 -3.30887 488 496 -1 -1 -1 -1 -1 -1 -1 -1 -1 -1 -1 -1 -1 -1 -1 -1 -1 -1 -1 -1 -1 -1 -1 -1 -1 -1 -1 -1
490 14.7062 -2.20032 488 496 502 -1 -1 -1 -1 -1 -1 -1 -1 -1 -1 -1 -1 -1 -1 -1 -1 -1 -1 -1 -1 -1 -1 -1 -1 -1 -1 -1
491 13.8609 -1.7547 488 -1 -1 -1 -1 -1 -1 -1 -1 -1 -1 -1 -1 -1 -1 -1 -1 -1 -1 -1 -1 -1 -1 -1 -1 -1 -1 -1 -1 -1
149 14.1206 -1.42465 148 480 488 496 -1 -1 -1 -1 -1 -1 -1 -1 -1 -1 -1 -1 -1 -1 -1 -1 -1 -1 -1 -1 -1 -1 -1 -1 -1 -1
141 13.3585 -0.150075 138 144 148 153 480 -1 -1 -1 -1 -1 -1 -1 -1 -1 -1 -1 -1 -1 -1 -1 -1 -1 -1 -1 -1 -1 -1 -1 -1 -1
142 13.4037 0.644125 138 148 479 480 -1 -1 -1 -1 -1 -1 -1 -1 -1 -1 -1 -1 -1 -1 -1 -1 -1 -1 -1 -1 -1 -1 -1 -1 -1 -1
145 13.8051 2.50199 144 148 153 160 165 171 -1 -1 -1 -1 -1 -1 -1 -1 -1 -1 -1 -1 -1 -1 -1 -1 -1 -1 -1 -1 -1 -1 -1 -1
143 12.9939 2.57682 138 144 148 -1 -1 -1 -1 -1 -1 -1 -1 -1 -1 -1 -1 -1 -1 -1 -1 -1 -1 -1 -1 -1 -1 -1 -1 -1 -1 -1
166 13.2619 3.43888 165 171 180 -1 -1 -1 -1 -1 -1 -1 -1 -1 -1 -1 -1 -1 -1 -1 -1 -1 -1 -1 -1 -1 -1 -1 -1 -1 -1 -1
177 13.5399 5.19042 176 180 188 -1 -1 -1 -1 -1 -1 -1 -1 -1 -1 -1 -1 -1 -1 -1 -1 -1 -1 -1 -1 -1 -1 -1 -1 -1 -1 -1
181 13.0056 6.89139 180 188 -1 -1 -1 -1 -1 -1 -1 -1 -1 -1 -1 -1 -1 -1 -1 -1 -1 -1 -1 -1 -1 -1 -1 -1 -1 -1 -1 -1
676 14.4679 6.57954 675 793 -1 -1 -1 -1 -1 -1 -1 -1 -1 -1 -1 -1 -1 -1 -1 -1 -1 -1 -1 -1 -1 -1 -1 -1 -1 -1 -1 -1
677 14.064 6.76364 675 793 -1 -1 -1 -1 -1 -1 -1 -1 -1 -1 -1 -1 -1 -1 -1 -1 -1 -1 -1 -1 -1 -1 -1 -1 -1 -1 -1 -1
678 13.1674 7.64441 675 793 -1 -1 -1 -1 -1 -1 -1 -1 -1 -1 -1 -1 -1 -1 -1 -1 -1 -1 -1 -1 -1 -1 -1 -1 -1 -1 -1 -1
679 13.0827 9.11054 675 685 688 793 794 -1 -1 -1 -1 -1 -1 -1 -1 -1 -1 -1 -1 -1 -1 -1 -1 -1 -1 -1 -1 -1 -1 -1 -1 -1
689 11.8786 9.61471 688 -1 -1 -1 -1 -1 -1 -1 -1 -1 -1 -1 -1 -1 -1 -1 -1 -1 -1 -1 -1 -1 -1 -1 -1 -1 -1 -1 -1 -1
690 12.1791 10.2675 688 695 699 795 797 -1 -1 -1 -1 -1 -1 -1 -1 -1 -1 -1 -1 -1 -1 -1 -1 -1 -1 -1 -1 -1 -1 -1 -1 -1
696 10.9424 11.5766 695 699 709 797 798 866 -1 -1 -1 -1 -1 -1 -1 -1 -1 -1 -1 -1 -1 -1 -1 -1 -1 -1 -1 -1 -1 -1 -1 -1
700 11.0055 11.7825 699 709 866 -1 -1 -1 -1 -1 -1 -1 -1 -1 -1 -1 -1 -1 -1 -1 -1 -1 -1 -1 -1 -1 -1 -1 -1 -1 -1 -1
701 10.7418 12.7577 699 797 798 864 865 866 -1 -1 -1 -1 -1 -1 -1 -1 -1 -1 -1 -1 -1 -1 -1 -1 -1 -1 -1 -1 -1 -1 -1 -1
859 8.58529 12.4643 858 862 864 -1 -1 -1 -1 -1 -1 -1 -1 -1 -1 -1 -1 -1 -1 -1 -1 -1 -1 -1 -1 -1 -1 -1 -1 -1 -1 -1
863 8.04309 12.2929 862 -1 -1 -1 -1 -1 -1 -1 -1 -1 -1 -1 -1 -1 -1 -1 -1 -1 -1 -1 -1 -1 -1 -1 -1 -1 -1 -1 -1 -1
853 7.64372 13.45 852 858 862 864 -1 -1 -1 -1 -1 -1 -1 -1 -1 -1 -1 -1 -1 -1 -1 -1 -1 -1 -1 -1 -1 -1 -1 -1 -1 -1
854 6.40433 14.6962 852 858 -1 -1 -1 -1 -1 -1 -1 -1 -1 -1 -1 -1 -1 -1 -1 -1 -1 -1 -1 -1 -1 -1 -1 -1 -1 -1 -1 -1
503 15.5741 -5.71041 502 -1 -1 -1 -1 -1 -1 -1 -1 -1 -1 -1 -1 -1 -1 -1 -1 -1 -1 -1 -1 -1 -1 -1 -1 -1 -1 -1 -1 -1
497 16.0873 -4.42781 496 508 -1 -1 -1 -1 -1 -1 -1 -1 -1 -1 -1 -1 -1 -1 -1 -1 -1 -1 -1 -1 -1 -1 -1 -1 -1 -1 -1 -1
498 15.5348 -3.97506 496 502 508 -1 -1 -1 -1 -1 -1 -1 -1 -1 -1 -1 -1 -1 -1 -1 -1 -1 -1 -1 -1 -1 -1 -1 -1 -1 -1 -1
499 15.2757 -3.15864 496 502 508 -1 -1 -1 -1 -1 -1 -1 -1 -1 -1 -1 -1 -1 -1 -1 -1 -1 -1 -1 -1 -1 -1 -1 -1 -1 -1 -1
484 15.0027 -1.99325 483 488 496 -1 -1 -1 -1 -1 -1 -1 -1 -1 -1 -1 -1 -1 -1 -1 -1 -1 -1 -1 -1 -1 -1 -1 -1 -1 -1 -1
154 15.2299 -0.4548 153 160 477 480 483 488 496 -1 -1 -1 -1 -1 -1 -1 -1 -1 -1 -1 -1 -1 -1 -1 -1 -1 -1 -1 -1 -1 -1 -1
146 14.9716 0.713725 144 148 153 160 165 477 479 480 483 -1 -1 -1 -1 -1 -1 -1 -1 -1 -1 -1 -1 -1 -1 -1 -1 -1 -1 -1 -1 -1
147 14.7742 1.54198 144 148 160 165 171 479 480 483 -1 -1 -1 -1 -1 -1 -1 -1 -1 -1 -1 -1 -1 -1 -1 -1 -1 -1 -1 -1 -1 -1
150 14.6976 2.24885 148 153 160 165 171 176 477 479 480 -1 -1 -1 -1 -1 -1 -1 -1 -1 -1 -1 -1 -1 -1 -1 -1 -1 -1 -1 -1 -1
155 14.7082 3.3399 153 160 165 479 -1 -1 -1 -1 -1 -1 -1 -1 -1 -1 -1 -1 -1 -1 -1 -1 -1 -1 -1 -1 -1 -1 -1 -1 -1 -1
167 14.0027 4.43485 165 171 176 180 188 192 -1 -1 -1 -1 -1 -1 -1 -1 -1 -1 -1 -1 -1 -1 -1 -1 -1 -1 -1 -1 -1 -1 -1 -1
172 13.7907 4.69604 171 176 180 188 -1 -1 -1 -1 -1 -1 -1 -1 -1 -1 -1 -1 -1 -1 -1 -1 -1 -1 -1 -1 -1 -1 -1 -1 -1 -1
182 13.362 6.51498 180 188 -1 -1 -1 -1 -1 -1 -1 -1 -1 -1 -1 -1 -1 -1 -1 -1 -1 -1 -1 -1 -1 -1 -1 -1 -1 -1 -1 -1
183 14.1293 7.43171 180 188 192 -1 -1 -1 -1 -1 -1 -1 -1 -1 -1 -1 -1 -1 -1 -1 -1 -1 -1 -1 -1 -1 -1 -1 -1 -1 -1 -1
189 13.3541 7.8768 188 -1 -1 -1 -1 -1 -1 -1 -1 -1 -1 -1 -1 -1 -1 -1 -1 -1 -1 -1 -1 -1 -1 -1 -1 -1 -1 -1 -1 -1
680 15.4101 6.5359 675 -1 -1 -1 -1 -1 -1 -1 -1 -1 -1 -1 -1 -1 -1 -1 -1 -1 -1 -1 -1 -1 -1 -1 -1 -1 -1 -1 -1 -1
672 14.7922 7.70366 671 675 685 792 793 794 -1 -1 -1 -1 -1 -1 -1 -1 -1 -1 -1 -1 -1 -1 -1 -1 -1 -1 -1 -1 -1 -1 -1 -1
673 14.1248 8.88497 671 675 685 688 792 793 794 795 -1 -1 -1 -1 -1 -1 -1 -1 -1 -1 -1 -1 -1 -1 -1 -1 -1 -1 -1 -1 -1 -1
681 12.9276 9.46091 675 685 695 793 794 795 796 -1 -1 -1 -1 -1 -1 -1 -1 -1 -1 -1 -1 -1 -1 -1 -1 -1 -1 -1 -1 -1 -1 -1
686 12.7009 10.3672 685 688 699 795 796 797 -1 -1 -1 -1 -1 -1 -1 -1 -1 -1 -1 -1 -1 -1 -1 -1 -1 -1 -1 -1 -1 -1 -1 -1
702 12.052 11.1524 699 709 796 797 798 866 -1 -1 -1 -1 -1 -1 -1 -1 -1 -1 -1 -1 -1 -1 -1 -1 -1 -1 -1 -1 -1 -1 -1 -1
691 12.1116 11.3756 688 695 699 709 796 797 866 -1 -1 -1 -1 -1 -1 -1 -1 -1 -1 -1 -1 -1 -1 -1 -1 -1 -1 -1 -1 -1 -1 -1
697 11.7871 13.2693 695 699 709 713 796 797 799 864 865 867 -1 -1 -1 -1 -1 -1 -1 -1 -1 -1 -1 -1 -1 -1 -1 -1 -1 -1 -1 -1
710 11.4989 13.5562 709 713 797 862 864 866 867 -1 -1 -1 -1 -1 -1 -1 -1 -1 -1 -1 -1 -1 -1 -1 -1 -1 -1 -1 -1 -1 -1 -1
860 9.02753 12.87 858 862 865 -1 -1 -1 -1 -1 -1 -1 -1 -1 -1 -1 -1 -1 -1 -1 -1 -1 -1 -1 -1 -1 -1 -1 -1 -1 -1 -1
855 9.03412 13.6138 852 858 862 864 865 -1 -1 -1 -1 -1 -1 -1 -1 -1 -1 -1 -1 -1 -1 -1 -1 -1 -1 -1 -1 -1 -1 -1 -1 -1
861 8.08436 13.4737 858 862 864 -1 -1 -1 -1 -1 -1 -1 -1 -1 -1 -1 -1 -1 -1 -1 -1 -1 -1 -1 -1 -1 -1 -1 -1 -1 -1 -1
848 8.04931 14.7828 847 852 858 -1 -1 -1 -1 -1 -1 -1 -1 -1 -1 -1 -1 -1 -1 -1 -1 -1 -1 -1 -1 -1 -1 -1 -1 -1 -1 -1
856 6.64945 15.4871 852 858 -1 -1 -1 -1 -1 -1 -1 -1 -1 -1 -1 -1 -1 -1 -1 -1 -1 -1 -1 -1 -1 -1 -1 -1 -1 -1 -1 -1
504 16.7459 -5.22655 502 -1 -1 -1 -1 -1 -1 -1 -1 -1 -1 -1 -1 -1 -1 -1 -1 -1 -1 -1 -1 -1 -1 -1 -1 -1 -1 -1 -1 -1
500 16.6232 -4.99921 496 502 508 -1 -1 -1 -1 -1 -1 -1 -1 -1 -1 -1 -1 -1 -1 -1 -1 -1 -1 -1 -1 -1 -1 -1 -1 -1 -1 -1
492 16.4438 -3.0261 488 496 502 508 511 -1 -1 -1 -1 -1 -1 -1 -1 -1 -1 -1 -1 -1 -1 -1 -1 -1 -1 -1 -1 -1 -1 -1 -1 -1
493 16.7896 -2.3545 488 496 502 511 -1 -1 -1 -1 -1 -1 -1 -1 -1 -1 -1 -1 -1 -1 -1 -1 -1 -1 -1 -1 -1 -1 -1 -1 -1 -1
481 16.1223 -1.36187 480 483 488 496 502 -1 -1 -1 -1 -1 -1 -1 -1 -1 -1 -1 -1 -1 -1 -1 -1 -1 -1 -1 -1 -1 -1 -1 -1 -1
482 15.8137 -0.897748 480 483 488 496 -1 -1 -1 -1 -1 -1 -1 -1 -1 -1 -1 -1 -1 -1 -1 -1 -1 -1 -1 -1 -1 -1 -1 -1 -1 -1
151 16.0524 0.832319 148 153 475 477 479 480 483 -1 -1 -1 -1 -1 -1 -1 -1 -1 -1 -1 -1 -1 -1 -1 -1 -1 -1 -1 -1 -1 -1 -1
156 15.1525 1.5092 153 165 171 475 477 479 483 -1 -1 -1 -1 -1 -1 -1 -1 -1 -1 -1 -1 -1 -1 -1 -1 -1 -1 -1 -1 -1 -1 -1
152 15.1792 2.42741 148 153 160 165 176 477 479 -1 -1 -1 -1 -1 -1 -1 -1 -1 -1 -1 -1 -1 -1 -1 -1 -1 -1 -1 -1 -1 -1 -1
157 15.6988 2.78485 153 160 165 171 475 477 479 -1 -1 -1 -1 -1 -1 -1 -1 -1 -1 -1 -1 -1 -1 -1 -1 -1 -1 -1 -1 -1 -1 -1
168 15.2945 4.70192 165 171 176 180 188 192 196 -1 -1 -1 -1 -1 -1 -1 -1 -1 -1 -1 -1 -1 -1 -1 -1 -1 -1 -1 -1 -1 -1 -1
173 15.1393 5.37965 171 176 180 196 -1 -1 -1 -1 -1 -1 -1 -1 -1 -1 -1 -1 -1 -1 -1 -1 -1 -1 -1 -1 -1 -1 -1 -1 -1 -1
190 14.5642 6.68219 188 192 196 -1 -1 -1 -1 -1 -1 -1 -1 -1 -1 -1 -1 -1 -1 -1 -1 -1 -1 -1 -1 -1 -1 -1 -1 -1 -1 -1
184 15.0291 7.51444 180 188 192 196 -1 -1 -1 -1 -1 -1 -1 -1 -1 -1 -1 -1 -1 -1 -1 -1 -1 -1 -1 -1 -1 -1 -1 -1 -1 -1
665 16.0422 7.43211 664 671 675 791 792 793 -1 -1 -1 -1 -1 -1 -1 -1 -1 -1 -1 -1 -1 -1 -1 -1 -1 -1 -1 -1 -1 -1 -1 -1
682 15.5059 8.43466 675 792 793 -1 -1 -1 -1 -1 -1 -1 -1 -1 -1 -1 -1 -1 -1 -1 -1 -1 -1 -1 -1 -1 -1 -1 -1 -1 -1 -1
666 14.8781 8.41971 664 671 675 685 791 792 794 -1 -1 -1 -1 -1 -1 -1 -1 -1 -1 -1 -1 -1 -1 -1 -1 -1 -1 -1 -1 -1 -1 -1
667 14.7838 9.66076 664 671 675 685 688 695 791 792 793 794 795 796 -1 -1 -1 -1 -1 -1 -1 -1 -1 -1 -1 -1 -1 -1 -1 -1 -1 -1
674 14.2172 10.3661 671 675 685 688 695 699 792 794 795 797 -1 -1 -1 -1 -1 -1 -1 -1 -1 -1 -1 -1 -1 -1 -1 -1 -1 -1 -1 -1
687 13.3055 11.9355 685 688 695 699 713 794 795 797 798 799 866 -1 -1 -1 -1 -1 -1 -1 -1 -1 -1 -1 -1 -1 -1 -1 -1 -1 -1 -1
692 12.8123 12.046 688 695 699 709 713 795 797 798 799 865 866 867 -1 -1 -1 -1 -1 -1 -1 -1 -1 -1 -1 -1 -1 -1 -1 -1 -1 -1
703 13.062 13.2351 699 713 718 798 800 864 865 866 867 868 -1 -1 -1 -1 -1 -1 -1 -1 -1 -1 -1 -1 -1 -1 -1 -1 -1 -1 -1 -1
704 12.3591 14.1036 699 713 718 797 798 799 862 864 865 866 868 -1 -1 -1 -1 -1 -1 -1 -1 -1 -1 -1 -1 -1 -1 -1 -1 -1 -1 -1
711 11.5006 15.1939 709 858 862 864 -1 -1 -1 -1 -1 -1 -1 -1 -1 -1 -1 -1 -1 -1 -1 -1 -1 -1 -1 -1 -1 -1 -1 -1 -1 -1
844 9.41914 14.4934 843 847 852 858 862 864 -1 -1 -1 -1 -1 -1 -1 -1 -1 -1 -1 -1 -1 -1 -1 -1 -1 -1 -1 -1 -1 -1 -1 -1
849 8.59316 14.5245 847 852 858 864 -1 -1 -1 -1 -1 -1 -1 -1 -1 -1 -1 -1 -1 -1 -1 -1 -1 -1 -1 -1 -1 -1 -1 -1 -1 -1
845 8.45981 15.0466 843 847 852 858 862 -1 -1 -1 -1 -1 -1 -1 -1 -1 -1 -1 -1 -1 -1 -1 -1 -1 -1 -1 -1 -1 -1 -1 -1 -1
857 7.35113 16.2745 852 858 -1 -1 -1 -1 -1 -1 -1 -1 -1 -1 -1 -1 -1 -1 -1 -1 -1 -1 -1 -1 -1 -1 -1 -1 -1 -1 -1 -1
850 6.91473 17.316 847 852 -1 -1 -1 -1 -1 -1 -1 -1 -1 -1 -1 -1 -1 -1 -1 -1 -1 -1 -1 -1 -1 -1 -1 -1 -1 -1 -1 -1
505 18.066 -5.29289 502 508 511 -1 -1 -1 -1 -1 -1 -1 -1 -1 -1 -1 -1 -1 -1 -1 -1 -1 -1 -1 -1 -1 -1 -1 -1 -1 -1 -1
506 17.7987 -4.68278 502 508 511 513 -1 -1 -1 -1 -1 -1 -1 -1 -1 -1 -1 -1 -1 -1 -1 -1 -1 -1 -1 -1 -1 -1 -1 -1 -1 -1
494 17.2262 -3.4535 488 496 502 508 513 -1 -1 -1 -1 -1 -1 -1 -1 -1 -1 -1 -1 -1 -1 -1 -1 -1 -1 -1 -1 -1 -1 -1 -1 -1
485 16.9147 -2.91825 483 488 496 502 508 511 -1 -1 -1 -1 -1 -1 -1 -1 -1 -1 -1 -1 -1 -1 -1 -1 -1 -1 -1 -1 -1 -1 -1 -1
486 17.817 -1.58118 483 488 496 508 511 -1 -1 -1 -1 -1 -1 -1 -1 -1 -1 -1 -1 -1 -1 -1 -1 -1 -1 -1 -1 -1 -1 -1 -1 -1
478 17.5676 -0.846503 477 480 496 -1 -1 -1 -1 -1 -1 -1 -1 -1 -1 -1 -1 -1 -1 -1 -1 -1 -1 -1 -1 -1 -1 -1 -1 -1 -1 -1
158 16.4729 0.0976162 153 160 165 475 477 479 488 -1 -1 -1 -1 -1 -1 -1 -1 -1 -1 -1 -1 -1 -1 -1 -1 -1 -1 -1 -1 -1 -1 -1
161 16.9065 1.74623 160 165 171 473 475 477 479 480 -1 -1 -1 -1 -1 -1 -1 -1 -1 -1 -1 -1 -1 -1 -1 -1 -1 -1 -1 -1 -1 -1
159 16.404 2.0837 153 160 165 171 473 477 479 480 -1 -1 -1 -1 -1 -1 -1 -1 -1 -1 -1 -1 -1 -1 -1 -1 -1 -1 -1 -1 -1 -1
162 15.9716 3.50486 160 165 171 176 180 475 477 479 -1 -1 -1 -1 -1 -1 -1 -1 -1 -1 -1 -1 -1 -1 -1 -1 -1 -1 -1 -1 -1 -1
169 15.758 4.03789 165 171 176 192 -1 -1 -1 -1 -1 -1 -1 -1 -1 -1 -1 -1 -1 -1 -1 -1 -1 -1 -1 -1 -1 -1 -1 -1 -1 -1
178 16.1576 5.76354 176 180 188 192 196 204 -1 -1 -1 -1 -1 -1 -1 -1 -1 -1 -1 -1 -1 -1 -1 -1 -1 -1 -1 -1 -1 -1 -1 -1
185 15.7326 6.76159 180 188 192 204 -1 -1 -1 -1 -1 -1 -1 -1 -1 -1 -1 -1 -1 -1 -1 -1 -1 -1 -1 -1 -1 -1 -1 -1 -1 -1
186 15.9829 6.91727 180 188 192 204 -1 -1 -1 -1 -1 -1 -1 -1 -1 -1 -1 -1 -1 -1 -1 -1 -1 -1 -1 -1 -1 -1 -1 -1 -1 -1
193 15.8929 8.58511 192 -1 -1 -1 -1 -1 -1 -1 -1 -1 -1 -1 -1 -1 -1 -1 -1 -1 -1 -1 -1 -1 -1 -1 -1 -1 -1 -1 -1 -1
683 16.7306 7.92428 675 791 792 793 -1 -1 -1 -1 -1 -1 -1 -1 -1 -1 -1 -1 -1 -1 -1 -1 -1 -1 -1 -1 -1 -1 -1 -1 -1 -1
668 16.3466 8.93999 664 671 675 685 790 791 792 793 -1 -1 -1 -1 -1 -1 -1 -1 -1 -1 -1 -1 -1 -1 -1 -1 -1 -1 -1 -1 -1 -1
684 15.9346 9.65953 675 685 688 790 792 793 794 -1 -1 -1 -1 -1 -1 -1 -1 -1 -1 -1 -1 -1 -1 -1 -1 -1 -1 -1 -1 -1 -1 -1
661 15.3073 10.697 660 664 671 675 685 695 791 792 793 794 795 796 -1 -1 -1 -1 -1 -1 -1 -1 -1 -1 -1 -1 -1 -1 -1 -1 -1 -1
669 15.205 11.2839 664 671 675 685 688 695 699 791 793 794 797 -1 -1 -1 -1 -1 -1 -1 -1 -1 -1 -1 -1 -1 -1 -1 -1 -1 -1 -1
693 14.1749 12.4112 688 695 699 709 713 718 795 796 797 798 799 866 867 868 -1 -1 -1 -1 -1 -1 -1 -1 -1 -1 -1 -1 -1 -1 -1 -1
694 13.5233 12.677 688 695 699 709 795 796 797 798 799 865 867 868 -1 -1 -1 -1 -1 -1 -1 -1 -1 -1 -1 -1 -1 -1 -1 -1 -1 -1
698 13.8272 13.9479 695 699 709 713 718 723 796 797 798 799 800 801 865 866 868 -1 -1 -1 -1 -1 -1 -1 -1 -1 -1 -1 -1 -1 -1 -1
705 13.2184 14.3059 699 709 713 718 723 797 798 799 800 801 864 866 867 869 -1 -1 -1 -1 -1 -1 -1 -1 -1 -1 -1 -1 -1 -1 -1 -1
712 12.9878 15.3433 709 713 718 723 798 799 800 862 864 865 866 867 868 869 -1 -1 -1 -1 -1 -1 -1 -1 -1 -1 -1 -1 -1 -1 -1 -1
836 10.3166 15.0418 835 843 862 864 -1 -1 -1 -1 -1 -1 -1 -1 -1 -1 -1 -1 -1 -1 -1 -1 -1 -1 -1 -1 -1 -1 -1 -1 -1 -1
837 9.8439 15.7106 835 843 847 852 858 862 -1 -1 -1 -1 -1 -1 -1 -1 -1 -1 -1 -1 -1 -1 -1 -1 -1 -1 -1 -1 -1 -1 -1 -1
838 9.12224 15.8701 835 843 847 852 858 862 -1 -1 -1 -1 -1 -1 -1 -1 -1 -1 -1 -1 -1 -1 -1 -1 -1 -1 -1 -1 -1 -1 -1 -1
839 8.77274 17.1061 835 843 847 852 -1 -1 -1 -1 -1 -1 -1 -1 -1 -1 -1 -1 -1 -1 -1 -1 -1 -1 -1 -1 -1 -1 -1 -1 -1 -1
851 7.24506 17.4212 847 852 -1 -1 -1 -1 -1 -1 -1 -1 -1 -1 -1 -1 -1 -1 -1 -1 -1 -1 -1 -1 -1 -1 -1 -1 -1 -1 -1 -1
509 18.3166 -5.32502 508 511 -1 -1 -1 -1 -1 -1 -1 -1 -1 -1 -1 -1 -1 -1 -1 -1 -1 -1 -1 -1 -1 -1 -1 -1 -1 -1 -1 -1
501 18.295 -4.00087 496 502 508 511 513 514 -1 -1 -1 -1 -1 -1 -1 -1 -1 -1 -1 -1 -1 -1 -1 -1 -1 -1 -1 -1 -1 -1 -1 -1
507 18.755 -3.36787 502 508 513 514 -1 -1 -1 -1 -1 -1 -1 -1 -1 -1 -1 -1 -1 -1 -1 -1 -1 -1 -1 -1 -1 -1 -1 -1 -1 -1
495 18.093 -2.38264 488 496 502 511 513 -1 -1 -1 -1 -1 -1 -1 -1 -1 -1 -1 -1 -1 -1 -1 -1 -1 -1 -1 -1 -1 -1 -1 -1 -1
487 18.2991 -1.79567 483 496 502 508 511 513 -1 -1 -1 -1 -1 -1 -1 -1 -1 -1 -1 -1 -1 -1 -1 -1 -1 -1 -1 -1 -1 -1 -1 -1
476 18.2044 -0.563038 475 477 480 496 -1 -1 -1 -1 -1 -1 -1 -1 -1 -1 -1 -1 -1 -1 -1 -1 -1 -1 -1 -1 -1 -1 -1 -1 -1 -1
163 17.4988 0.941363 160 471 473 475 477 479 480 483 -1 -1 -1 -1 -1 -1 -1 -1 -1 -1 -1 -1 -1 -1 -1 -1 -1 -1 -1 -1 -1 -1
164 17.143 1.72164 160 165 471 473 475 477 479 480 -1 -1 -1 -1 -1 -1 -1 -1 -1 -1 -1 -1 -1 -1 -1 -1 -1 -1 -1 -1 -1 -1
170 17.7754 2.9381 165 471 473 475 477 -1 -1 -1 -1 -1 -1 -1 -1 -1 -1 -1 -1 -1 -1 -1 -1 -1 -1 -1 -1 -1 -1 -1 -1 -1
174 17.2769 3.96925 171 176 475 -1 -1 -1 -1 -1 -1 -1 -1 -1 -1 -1 -1 -1 -1 -1 -1 -1 -1 -1 -1 -1 -1 -1 -1 -1 -1 -1
179 17.2874 4.72597 176 192 196 204 210 -1 -1 -1 -1 -1 -1 -1 -1 -1 -1 -1 -1 -1 -1 -1 -1 -1 -1 -1 -1 -1 -1 -1 -1 -1
175 16.6185 5.25691 171 176 180 188 192 196 204 -1 -1 -1 -1 -1 -1 -1 -1 -1 -1 -1 -1 -1 -1 -1 -1 -1 -1 -1 -1 -1 -1 -1
187 16.8374 6.11584 180 188 196 204 210 -1 -1 -1 -1 -1 -1 -1 -1 -1 -1 -1 -1 -1 -1 -1 -1 -1 -1 -1 -1 -1 -1 -1 -1 -1
191 16.8128 7.75825 188 192 196 204 -1 -1 -1 -1 -1 -1 -1 -1 -1 -1 -1 -1 -1 -1 -1 -1 -1 -1 -1 -1 -1 -1 -1 -1 -1 -1
197 16.8976 8.51113 196 -1 -1 -1 -1 -1 -1 -1 -1 -1 -1 -1 -1 -1 -1 -1 -1 -1 -1 -1 -1 -1 -1 -1 -1 -1 -1 -1 -1 -1
670 17.3171 8.48834 664 671 675 790 791 792 -1 -1 -1 -1 -1 -1 -1 -1 -1 -1 -1 -1 -1 -1 -1 -1 -1 -1 -1 -1 -1 -1 -1 -1
657 16.6733 9.46869 656 660 664 671 790 791 792 793 794 -1 -1 -1 -1 -1 -1 -1 -1 -1 -1 -1 -1 -1 -1 -1 -1 -1 -1 -1 -1 -1
662 16.0112 10.1472 660 664 671 675 685 790 791 792 793 795 -1 -1 -1 -1 -1 -1 -1 -1 -1 -1 -1 -1 -1 -1 -1 -1 -1 -1 -1 -1
663 16.0464 11.2622 660 664 671 685 688 790 791 792 794 -1 -1 -1 -1 -1 -1 -1 -1 -1 -1 -1 -1 -1 -1 -1 -1 -1 -1 -1 -1 -1
714 15.4988 12.9008 713 718 723 796 800 801 802 867 868 869 870 -1 -1 -1 -1 -1 -1 -1 -1 -1 -1 -1 -1 -1 -1 -1 -1 -1 -1 -1
706 15.2583 13.2267 699 713 718 723 796 797 799 800 801 802 867 868 869 870 -1 -1 -1 -1 -1 -1 -1 -1 -1 -1 -1 -1 -1 -1 -1 -1
707 14.632 13.9832 699 713 723 727 797 798 799 801 802 867 868 869 870 -1 -1 -1 -1 -1 -1 -1 -1 -1 -1 -1 -1 -1 -1 -1 -1 -1
708 13.8733 14.6842 699 709 718 723 727 797 798 800 801 864 865 867 868 870 -1 -1 -1 -1 -1 -1 -1 -1 -1 -1 -1 -1 -1 -1 -1 -1
715 12.8979 16.0267 713 799 800 862 864 865 867 868 -1 -1 -1 -1 -1 -1 -1 -1 -1 -1 -1 -1 -1 -1 -1 -1 -1 -1 -1 -1 -1 -1
840 11.5284 15.4322 835 843 862 -1 -1 -1 -1 -1 -1 -1 -1 -1 -1 -1 -1 -1 -1 -1 -1 -1 -1 -1 -1 -1 -1 -1 -1 -1 -1 -1
841 10.0032 15.8685 835 843 847 852 858 862 -1 -1 -1 -1 -1 -1 -1 -1 -1 -1 -1 -1 -1 -1 -1 -1 -1 -1 -1 -1 -1 -1 -1 -1
831 10.4718 16.9314 830 835 843 847 852 -1 -1 -1 -1 -1 -1 -1 -1 -1 -1 -1 -1 -1 -1 -1 -1 -1 -1 -1 -1 -1 -1 -1 -1 -1
832 9.61835 17.2807 830 835 843 847 852 -1 -1 -1 -1 -1 -1 -1 -1 -1 -1 -1 -1 -1 -1 -1 -1 -1 -1 -1 -1 -1 -1 -1 -1 -1
846 8.48253 17.807 843 847 852 -1 -1 -1 -1 -1 -1 -1 -1 -1 -1 -1 -1 -1 -1 -1 -1 -1 -1 -1 -1 -1 -1 -1 -1 -1 -1 -1
510 19.2312 -4.73923 508 511 513 -1 -1 -1 -1 -1 -1 -1 -1 -1 -1 -1 -1 -1 -1 -1 -1 -1 -1 -1 -1 -1 -1 -1 -1 -1 -1 -1
512 19.1285 -4.19157 511 513 514 -1 -1 -1 -1 -1 -1 -1 -1 -1 -1 -1 -1 -1 -1 -1 -1 -1 -1 -1 -1 -1 -1 -1 -1 -1 -1 -1
461 19.7295 -2.62586 460 465 508 511 513 514 517 518 519 537 538 539 -1 -1 -1 -1 -1 -1 -1 -1 -1 -1 -1 -1 -1 -1 -1 -1 -1 -1
457 19.5588 -2.30544 456 460 465 513 514 517 518 519 537 538 539 -1 -1 -1 -1 -1 -1 -1 -1 -1 -1 -1 -1 -1 -1 -1 -1 -1 -1 -1
462 19.4249 -1.11456 460 465 468 511 514 518 520 538 539 540 -1 -1 -1 -1 -1 -1 -1 -1 -1 -1 -1 -1 -1 -1 -1 -1 -1 -1 -1 -1
472 18.9034 0.350708 471 477 520 521 540 541 -1 -1 -1 -1 -1 -1 -1 -1 -1 -1 -1 -1 -1 -1 -1 -1 -1 -1 -1 -1 -1 -1 -1 -1
466 19.4781 0.961112 465 468 469 470 471 473 475 519 520 521 522 539 540 541 542 -1 -1 -1 -1 -1 -1 -1 -1 -1 -1 -1 -1 -1 -1 -1
238 18.239 1.12037 237 469 470 471 473 475 477 521 522 541 542 -1 -1 -1 -1 -1 -1 -1 -1 -1 -1 -1 -1 -1 -1 -1 -1 -1 -1 -1
232 17.3804 1.98754 231 471 473 475 477 -1 -1 -1 -1 -1 -1 -1 -1 -1 -1 -1 -1 -1 -1 -1 -1 -1 -1 -1 -1 -1 -1 -1 -1 -1
474 18.1132 3.97909 473 475 -1 -1 -1 -1 -1 -1 -1 -1 -1 -1 -1 -1 -1 -1 -1 -1 -1 -1 -1 -1 -1 -1 -1 -1 -1 -1 -1 -1
194 17.5847 4.41789 192 196 204 210 -1 -1 -1 -1 -1 -1 -1 -1 -1 -1 -1 -1 -1 -1 -1 -1 -1 -1 -1 -1 -1 -1 -1 -1 -1 -1
198 18.0147 4.8376 196 204 210 220 224 582 650 783 -1 -1 -1 -1 -1 -1 -1 -1 -1 -1 -1 -1 -1 -1 -1 -1 -1 -1 -1 -1 -1 -1
199 18.295 6.1342 196 210 214 220 224 582 583 651 763 764 783 784 -1 -1 -1 -1 -1 -1 -1 -1 -1 -1 -1 -1 -1 -1 -1 -1 -1 -1
200 18.2015 7.13738 196 204 210 214 582 583 586 650 651 764 765 783 784 785 -1 -1 -1 -1 -1 -1 -1 -1 -1 -1 -1 -1 -1 -1 -1 -1
195 17.7023 7.67829 192 196 204 210 583 586 651 652 765 784 785 -1 -1 -1 -1 -1 -1 -1 -1 -1 -1 -1 -1 -1 -1 -1 -1 -1 -1 -1
587 17.4808 9.36076 586 591 653 654 656 660 664 765 767 785 786 787 789 790 -1 -1 -1 -1 -1 -1 -1 -1 -1 -1 -1 -1 -1 -1 -1 -1
592 17.5613 9.81316 591 598 602 653 655 656 660 671 746 766 767 768 786 787 788 789 790 791 792 876 -1 -1 -1 -1 -1 -1 -1 -1 -1 -1
603 16.7378 10.7238 602 656 664 671 768 789 790 791 792 876 -1 -1 -1 -1 -1 -1 -1 -1 -1 -1 -1 -1 -1 -1 -1 -1 -1 -1 -1 -1
658 16.6819 11.3513 656 664 671 744 745 789 790 791 792 874 875 -1 -1 -1 -1 -1 -1 -1 -1 -1 -1 -1 -1 -1 -1 -1 -1 -1 -1 -1
659 16.6905 12.3241 656 660 739 742 744 745 789 790 873 874 875 -1 -1 -1 -1 -1 -1 -1 -1 -1 -1 -1 -1 -1 -1 -1 -1 -1 -1 -1
719 16.3011 13.3767 718 723 727 734 739 742 744 800 801 803 868 869 870 871 873 -1 -1 -1 -1 -1 -1 -1 -1 -1 -1 -1 -1 -1 -1 -1
716 15.5982 14.0939 713 718 723 727 734 739 742 799 800 802 803 868 869 870 871 873 -1 -1 -1 -1 -1 -1 -1 -1 -1 -1 -1 -1 -1 -1
717 15.3984 15.2266 713 718 734 739 799 800 801 802 803 806 809 867 868 869 870 -1 -1 -1 -1 -1 -1 -1 -1 -1 -1 -1 -1 -1 -1 -1
720 15.3209 15.3458 718 723 727 734 739 800 801 802 803 809 870 872 -1 -1 -1 -1 -1 -1 -1 -1 -1 -1 -1 -1 -1 -1 -1 -1 -1 -1
724 14.717 16.7281 723 801 802 806 809 816 869 -1 -1 -1 -1 -1 -1 -1 -1 -1 -1 -1 -1 -1 -1 -1 -1 -1 -1 -1 -1 -1 -1 -1
810 12.1875 16.1566 809 824 830 843 -1 -1 -1 -1 -1 -1 -1 -1 -1 -1 -1 -1 -1 -1 -1 -1 -1 -1 -1 -1 -1 -1 -1 -1 -1 -1
820 10.8804 16.5943 819 824 830 843 847 -1 -1 -1 -1 -1 -1 -1 -1 -1 -1 -1 -1 -1 -1 -1 -1 -1 -1 -1 -1 -1 -1 -1 -1 -1
821 10.8211 17.0867 819 830 -1 -1 -1 -1 -1 -1 -1 -1 -1 -1 -1 -1 -1 -1 -1 -1 -1 -1 -1 -1 -1 -1 -1 -1 -1 -1 -1 -1
833 9.88023 17.6724 830 843 847 -1 -1 -1 -1 -1 -1 -1 -1 -1 -1 -1 -1 -1 -1 -1 -1 -1 -1 -1 -1 -1 -1 -1 -1 -1 -1 -1
842 9.09588 19.157 835 843 -1 -1 -1 -1 -1 -1 -1 -1 -1 -1 -1 -1 -1 -1 -1 -1 -1 -1 -1 -1 -1 -1 -1 -1 -1 -1 -1 -1
515 20.15 -4.89876 514 517 537 -1 -1 -1 -1 -1 -1 -1 -1 -1 -1 -1 -1 -1 -1 -1 -1 -1 -1 -1 -1 -1 -1 -1 -1 -1 -1 -1
453 20.2765 -4.26106 452 456 511 513 514 517 536 537 -1 -1 -1 -1 -1 -1 -1 -1 -1 -1 -1 -1 -1 -1 -1 -1 -1 -1 -1 -1 -1 -1
454 20.0879 -2.57772 452 456 460 511 513 514 517 518 519 536 537 538 539 -1 -1 -1 -1 -1 -1 -1 -1 -1 -1 -1 -1 -1 -1 -1 -1 -1
458 19.9288 -2.14168 456 460 465 513 514 517 518 537 538 539 -1 -1 -1 -1 -1 -1 -1 -1 -1 -1 -1 -1 -1 -1 -1 -1 -1 -1 -1 -1
459 20.0999 -1.17101 456 460 465 468 511 514 517 518 519 520 537 539 540 -1 -1 -1 -1 -1 -1 -1 -1 -1 -1 -1 -1 -1 -1 -1 -1 -1
463 20.5092 -0.0438635 460 465 469 470 518 519 520 522 538 539 540 541 -1 -1 -1 -1 -1 -1 -1 -1 -1 -1 -1 -1 -1 -1 -1 -1 -1 -1
467 19.7695 0.783654 465 469 471 473 475 519 521 539 -1 -1 -1 -1 -1 -1 -1 -1 -1 -1 -1 -1 -1 -1 -1 -1 -1 -1 -1 -1 -1 -1
233 18.4371 0.961446 231 244 469 470 471 473 475 521 523 540 542 543 -1 -1 -1 -1 -1 -1 -1 -1 -1 -1 -1 -1 -1 -1 -1 -1 -1 -1
225 18.9763 2.56543 224 231 237 244 469 470 471 473 521 522 523 541 543 -1 -1 -1 -1 -1 -1 -1 -1 -1 -1 -1 -1 -1 -1 -1 -1 -1
221 19.04 3.58372 220 228 231 237 470 522 542 -1 -1 -1 -1 -1 -1 -1 -1 -1 -1 -1 -1 -1 -1 -1 -1 -1 -1 -1 -1 -1 -1 -1
205 19.1668 4.38218 204 210 220 224 228 231 581 582 649 650 762 763 782 783 -1 -1 -1 -1 -1 -1 -1 -1 -1 -1 -1 -1 -1 -1 -1 -1
201 18.5318 5.14457 196 210 214 224 583 650 651 763 764 783 784 -1 -1 -1 -1 -1 -1 -1 -1 -1 -1 -1 -1 -1 -1 -1 -1 -1 -1 -1
202 19.161 6.066 196 210 214 220 224 582 583 586 649 651 762 763 764 765 782 783 784 785 -1 -1 -1 -1 -1 -1 -1 -1 -1 -1 -1 -1
203 18.4071 7.22744 196 204 214 220 582 583 586 591 650 651 652 763 764 765 766 783 784 785 786 -1 -1 -1 -1 -1 -1 -1 -1 -1 -1 -1
206 18.6185 8.19251 204 210 214 583 586 591 598 650 651 652 653 654 764 765 766 767 784 785 787 -1 -1 -1 -1 -1 -1 -1 -1 -1 -1 -1
588 18.1779 9.3688 586 602 652 653 654 656 660 664 746 765 766 767 768 785 787 788 789 791 -1 -1 -1 -1 -1 -1 -1 -1 -1 -1 -1 -1
593 18.9077 9.88424 591 598 602 608 652 653 655 656 660 746 766 767 768 785 787 789 790 876 877 -1 -1 -1 -1 -1 -1 -1 -1 -1 -1 -1
604 18.412 11.7101 602 608 654 655 656 660 664 744 745 746 767 768 788 789 790 791 874 875 876 877 -1 -1 -1 -1 -1 -1 -1 -1 -1 -1
599 17.6076 11.7569 598 602 608 654 664 744 745 746 747 767 768 769 787 789 874 875 876 877 -1 -1 -1 -1 -1 -1 -1 -1 -1 -1 -1 -1
605 17.4926 12.6292 602 655 656 660 742 744 745 768 788 789 790 874 875 876 -1 -1 -1 -1 -1 -1 -1 -1 -1 -1 -1 -1 -1 -1 -1 -1
740 17.373 12.7247 739 742 744 745 870 873 874 875 -1 -1 -1 -1 -1 -1 -1 -1 -1 -1 -1 -1 -1 -1 -1 -1 -1 -1 -1 -1 -1 -1
721 16.6394 14.5597 718 723 727 734 739 742 800 801 803 806 868 870 871 872 873 -1 -1 -1 -1 -1 -1 -1 -1 -1 -1 -1 -1 -1 -1 -1
722 15.7202 14.674 718 727 739 742 800 801 802 803 806 868 869 870 871 872 873 -1 -1 -1 -1 -1 -1 -1 -1 -1 -1 -1 -1 -1 -1 -1
725 16.1032 16.0957 723 734 739 801 802 806 869 870 871 872 -1 -1 -1 -1 -1 -1 -1 -1 -1 -1 -1 -1 -1 -1 -1 -1 -1 -1 -1 -1
728 15.1409 17.0771 727 802 806 809 816 819 870 -1 -1 -1 -1 -1 -1 -1 -1 -1 -1 -1 -1 -1 -1 -1 -1 -1 -1 -1 -1 -1 -1 -1
807 12.672 16.1613 806 809 816 819 824 830 835 -1 -1 -1 -1 -1 -1 -1 -1 -1 -1 -1 -1 -1 -1 -1 -1 -1 -1 -1 -1 -1 -1 -1
811 12.4441 17.1778 809 816 819 824 830 835 -1 -1 -1 -1 -1 -1 -1 -1 -1 -1 -1 -1 -1 -1 -1 -1 -1 -1 -1 -1 -1 -1 -1 -1
822 11.1262 18.4048 819 830 843 -1 -1 -1 -1 -1 -1 -1 -1 -1 -1 -1 -1 -1 -1 -1 -1 -1 -1 -1 -1 -1 -1 -1 -1 -1 -1 -1
823 11.003 19.0563 819 830 835 -1 -1 -1 -1 -1 -1 -1 -1 -1 -1 -1 -1 -1 -1 -1 -1 -1 -1 -1 -1 -1 -1 -1 -1 -1 -1 -1
516 21.8376 -4.60923 514 517 -1 -1 -1 -1 -1 -1 -1 -1 -1 -1 -1 -1 -1 -1 -1 -1 -1 -1 -1 -1 -1 -1 -1 -1 -1 -1 -1 -1
448 21.2365 -3.39136 447 452 456 460 513 514 517 536 -1 -1 -1 -1 -1 -1 -1 -1 -1 -1 -1 -1 -1 -1 -1 -1 -1 -1 -1 -1 -1 -1
449 21.8574 -2.38173 447 452 456 460 465 514 517 518 519 536 537 539 -1 -1 -1 -1 -1 -1 -1 -1 -1 -1 -1 -1 -1 -1 -1 -1 -1 -1
450 21.7374 -1.70597 447 452 456 460 465 468 514 518 519 520 535 537 539 540 -1 -1 -1 -1 -1 -1 -1 -1 -1 -1 -1 -1 -1 -1 -1 -1
464 20.9896 -0.18913 460 465 468 469 518 519 520 521 539 540 541 -1 -1 -1 -1 -1 -1 -1 -1 -1 -1 -1 -1 -1 -1 -1 -1 -1 -1 -1
239 20.3643 -0.856712 237 244 460 465 468 518 519 520 521 523 538 539 540 541 542 543 -1 -1 -1 -1 -1 -1 -1 -1 -1 -1 -1 -1 -1 -1
234 19.8205 -0.202551 231 237 249 465 469 470 473 519 520 521 522 523 540 541 542 543 544 -1 -1 -1 -1 -1 -1 -1 -1 -1 -1 -1 -1 -1
235 20.3431 0.761603 231 237 244 249 469 470 471 520 521 522 524 540 541 542 543 -1 -1 -1 -1 -1 -1 -1 -1 -1 -1 -1 -1 -1 -1 -1
226 19.4501 2.22834 224 228 231 237 244 470 473 521 522 523 541 542 543 -1 -1 -1 -1 -1 -1 -1 -1 -1 -1 -1 -1 -1 -1 -1 -1 -1
236 19.8751 3.51416 231 237 244 470 522 523 542 -1 -1 -1 -1 -1 -1 -1 -1 -1 -1 -1 -1 -1 -1 -1 -1 -1 -1 -1 -1 -1 -1 -1
215 19.7992 3.7933 214 220 224 228 231 581 582 649 650 782 783 -1 -1 -1 -1 -1 -1 -1 -1 -1 -1 -1 -1 -1 -1 -1 -1 -1 -1 -1
207 19.9617 4.97027 204 214 220 224 579 581 649 650 651 761 763 764 781 782 783 -1 -1 -1 -1 -1 -1 -1 -1 -1 -1 -1 -1 -1 -1 -1
208 20.1818 6.54682 204 210 214 220 224 581 582 583 586 648 650 652 761 762 763 764 765 781 782 783 785 -1 -1 -1 -1 -1 -1 -1 -1 -1
209 19.4631 6.73993 204 214 220 581 582 583 586 591 649 650 652 653 762 763 764 765 766 782 783 784 785 786 -1 -1 -1 -1 -1 -1 -1 -1
211 20.3976 7.5544 210 214 579 581 582 586 591 598 649 650 651 652 654 761 762 764 765 766 767 781 782 783 784 785 786 -1 -1 -1 -1 -1
584 19.3266 9.43521 583 586 591 608 651 652 653 655 656 764 765 766 767 768 769 784 785 786 787 876 877 -1 -1 -1 -1 -1 -1 -1 -1 -1
589 19.7494 10.2976 586 591 598 602 608 613 653 655 656 745 746 747 748 765 766 767 768 769 770 785 786 787 788 789 875 877 878 -1 -1 -1
594 19.3607 11.1786 591 602 608 613 653 654 656 660 745 746 748 766 767 768 769 770 786 787 788 789 790 874 875 876 877 -1 -1 -1 -1 -1
600 19.2082 12.6334 598 608 613 654 656 744 746 747 748 767 768 769 770 788 789 873 875 876 877 878 -1 -1 -1 -1 -1 -1 -1 -1 -1 -1
614 18.7646 12.8553 613 655 656 739 742 744 745 746 747 748 769 789 872 873 874 875 876 877 878 -1 -1 -1 -1 -1 -1 -1 -1 -1 -1 -1
735 18.4303 13.2429 734 739 742 744 745 803 871 873 874 875 -1 -1 -1 -1 -1 -1 -1 -1 -1 -1 -1 -1 -1 -1 -1 -1 -1 -1 -1 -1
729 17.8061 14.4031 727 734 742 744 802 803 806 870 871 872 873 874 -1 -1 -1 -1 -1 -1 -1 -1 -1 -1 -1 -1 -1 -1 -1 -1 -1 -1
730 17.6868 15.1817 727 739 742 802 803 806 809 870 871 872 873 -1 -1 -1 -1 -1 -1 -1 -1 -1 -1 -1 -1 -1 -1 -1 -1 -1 -1 -1
726 16.7379 15.8065 723 727 734 801 802 803 806 809 816 869 871 872 -1 -1 -1 -1 -1 -1 -1 -1 -1 -1 -1 -1 -1 -1 -1 -1 -1 -1
731 15.943 17.2081 727 734 802 803 806 809 816 819 870 871 -1 -1 -1 -1 -1 -1 -1 -1 -1 -1 -1 -1 -1 -1 -1 -1 -1 -1 -1 -1
808 13.9048 17.0698 806 816 819 824 -1 -1 -1 -1 -1 -1 -1 -1 -1 -1 -1 -1 -1 -1 -1 -1 -1 -1 -1 -1 -1 -1 -1 -1 -1 -1
812 13.2934 17.9433 809 816 819 824 830 -1 -1 -1 -1 -1 -1 -1 -1 -1 -1 -1 -1 -1 -1 -1 -1 -1 -1 -1 -1 -1 -1 -1 -1 -1
817 11.8828 18.9559 816 819 824 830 835 -1 -1 -1 -1 -1 -1 -1 -1 -1 -1 -1 -1 -1 -1 -1 -1 -1 -1 -1 -1 -1 -1 -1 -1 -1
825 11.6009 19.0974 824 830 835 -1 -1 -1 -1 -1 -1 -1 -1 -1 -1 -1 -1 -1 -1 -1 -1 -1 -1 -1 -1 -1 -1 -1 -1 -1 -1 -1
834 11.0767 19.9063 830 -1 -1 -1 -1 -1 -1 -1 -1 -1 -1 -1 -1 -1 -1 -1 -1 -1 -1 -1 -1 -1 -1 -1 -1 -1 -1 -1 -1 -1
440 22.792 -4.34289 439 447 452 456 534 536 537 -1 -1 -1 -1 -1 -1 -1 -1 -1 -1 -1 -1 -1 -1 -1 -1 -1 -1 -1 -1 -1 -1 -1
451 21.9879 -3.34451 447 452 456 460 514 517 518 535 536 537 538 -1 -1 -1 -1 -1 -1 -1 -1 -1 -1 -1 -1 -1 -1 -1 -1 -1 -1 -1
441 22.4331 -3.15013 439 447 452 456 460 518 534 535 536 538 -1 -1 -1 -1 -1 -1 -1 -1 -1 -1 -1 -1 -1 -1 -1 -1 -1 -1 -1 -1
442 22.612 -1.56788 439 447 452 456 460 465 468 517 520 534 535 536 537 538 539 -1 -1 -1 -1 -1 -1 -1 -1 -1 -1 -1 -1 -1 -1 -1
455 21.7668 -0.359033 452 456 460 465 469 518 519 520 536 537 538 539 540 541 -1 -1 -1 -1 -1 -1 -1 -1 -1 -1 -1 -1 -1 -1 -1 -1
240 21.239 -0.689778 237 244 249 465 468 469 470 518 519 520 521 522 523 538 539 540 541 542 543 544 -1 -1 -1 -1 -1 -1 -1 -1 -1 -1
241 21.3895 -0.140416 237 244 249 254 465 468 470 519 520 522 523 524 525 539 540 542 543 544 545 -1 -1 -1 -1 -1 -1 -1 -1 -1 -1 -1
242 20.8231 0.915373 237 244 249 254 469 470 471 520 521 522 523 524 540 541 542 544 545 -1 -1 -1 -1 -1 -1 -1 -1 -1 -1 -1 -1 -1
227 20.8943 2.54121 224 228 237 244 249 254 470 471 522 543 544 545 -1 -1 -1 -1 -1 -1 -1 -1 -1 -1 -1 -1 -1 -1 -1 -1 -1 -1
222 20.5275 3.02501 220 224 228 231 249 470 471 522 523 524 543 -1 -1 -1 -1 -1 -1 -1 -1 -1 -1 -1 -1 -1 -1 -1 -1 -1 -1 -1
212 20.4296 4.3167 210 214 224 228 231 579 581 648 649 650 762 763 781 782 783 -1 -1 -1 -1 -1 -1 -1 -1 -1 -1 -1 -1 -1 -1 -1
216 21.0106 4.74168 214 220 224 228 578 582 647 648 649 650 760 763 781 782 783 -1 -1 -1 -1 -1 -1 -1 -1 -1 -1 -1 -1 -1 -1 -1
213 21.1071 5.76235 210 214 220 224 578 579 581 582 583 586 647 648 649 650 652 760 761 762 763 764 780 781 782 783 784 785 -1 -1 -1 -1
217 21.2116 7.45474 214 578 579 581 582 583 586 591 647 648 649 650 651 653 761 762 763 764 765 766 780 781 782 785 -1 -1 -1 -1 -1 -1
218 20.696 7.98217 214 579 581 582 583 586 591 598 648 649 650 651 652 653 654 765 766 767 781 782 785 787 -1 -1 -1 -1 -1 -1 -1 -1
585 20.5775 9.01692 583 586 591 598 608 652 653 747 764 765 766 767 769 784 785 786 787 877 -1 -1 -1 -1 -1 -1 -1 -1 -1 -1 -1 -1
595 20.6501 11.1372 591 602 608 618 653 654 655 745 746 747 748 749 766 769 770 771 786 788 875 877 878 879 -1 -1 -1 -1 -1 -1 -1 -1
596 19.8322 11.971 591 598 602 608 613 618 654 655 656 744 745 746 747 748 749 767 768 771 786 787 789 874 875 877 878 879 -1 -1 -1 -1
606 19.9832 12.7405 602 613 618 655 744 745 746 747 748 767 768 769 770 771 788 873 875 876 877 878 879 -1 -1 -1 -1 -1 -1 -1 -1 -1
607 19.1272 13.6377 602 608 655 739 742 744 747 768 872 873 875 876 -1 -1 -1 -1 -1 -1 -1 -1 -1 -1 -1 -1 -1 -1 -1 -1 -1 -1
741 19.4035 13.6885 739 742 745 873 874 875 -1 -1 -1 -1 -1 -1 -1 -1 -1 -1 -1 -1 -1 -1 -1 -1 -1 -1 -1 -1 -1 -1 -1 -1
743 18.9913 14.5288 742 744 803 871 872 873 874 -1 -1 -1 -1 -1 -1 -1 -1 -1 -1 -1 -1 -1 -1 -1 -1 -1 -1 -1 -1 -1 -1 -1
732 18.4248 15.5159 727 734 739 802 803 806 870 871 872 873 -1 -1 -1 -1 -1 -1 -1 -1 -1 -1 -1 -1 -1 -1 -1 -1 -1 -1 -1 -1
733 17.86 16.1131 727 739 802 803 870 871 872 -1 -1 -1 -1 -1 -1 -1 -1 -1 -1 -1 -1 -1 -1 -1 -1 -1 -1 -1 -1 -1 -1 -1
804 15.3711 16.9023 803 809 871 -1 -1 -1 -1 -1 -1 -1 -1 -1 -1 -1 -1 -1 -1 -1 -1 -1 -1 -1 -1 -1 -1 -1 -1 -1 -1 -1
813 14.5634 17.6934 809 816 819 -1 -1 -1 -1 -1 -1 -1 -1 -1 -1 -1 -1 -1 -1 -1 -1 -1 -1 -1 -1 -1 -1 -1 -1 -1 -1 -1
814 13.8783 18.4771 809 816 819 824 830 -1 -1 -1 -1 -1 -1 -1 -1 -1 -1 -1 -1 -1 -1 -1 -1 -1 -1 -1 -1 -1 -1 -1 -1 -1
826 12.6435 19.2837 824 830 -1 -1 -1 -1 -1 -1 -1 -1 -1 -1 -1 -1 -1 -1 -1 -1 -1 -1 -1 -1 -1 -1 -1 -1 -1 -1 -1 -1
827 12.3795 19.7622 824 830 -1 -1 -1 -1 -1 -1 -1 -1 -1 -1 -1 -1 -1 -1 -1 -1 -1 -1 -1 -1 -1 -1 -1 -1 -1 -1 -1 -1
443 23.4025 -4.18076 439 447 452 534 535 536 -1 -1 -1 -1 -1 -1 -1 -1 -1 -1 -1 -1 -1 -1 -1 -1 -1 -1 -1 -1 -1 -1 -1 -1
444 23.5649 -4.1024 439 447 452 456 517 533 534 535 537 -1 -1 -1 -1 -1 -1 -1 -1 -1 -1 -1 -1 -1 -1 -1 -1 -1 -1 -1 -1 -1
438 23.7303 -2.78779 437 439 447 452 533 536 537 -1 -1 -1 -1 -1 -1 -1 -1 -1 -1 -1 -1 -1 -1 -1 -1 -1 -1 -1 -1 -1 -1 -1
445 22.8941 -1.78184 439 452 456 460 465 517 519 534 537 538 -1 -1 -1 -1 -1 -1 -1 -1 -1 -1 -1 -1 -1 -1 -1 -1 -1 -1 -1 -1
446 23.0939 -1.10098 439 447 452 460 465 468 517 518 519 520 535 536 537 539 540 -1 -1 -1 -1 -1 -1 -1 -1 -1 -1 -1 -1 -1 -1 -1
250 21.416 -1.01467 249 465 468 469 518 520 521 523 524 538 539 540 541 544 -1 -1 -1 -1 -1 -1 -1 -1 -1 -1 -1 -1 -1 -1 -1 -1
245 21.4393 0.758058 244 249 254 468 469 470 520 521 523 524 540 542 543 544 545 -1 -1 -1 -1 -1 -1 -1 -1 -1 -1 -1 -1 -1 -1 -1
243 21.9096 0.832557 237 244 249 254 260 469 470 521 523 524 525 526 541 542 543 544 546 -1 -1 -1 -1 -1 -1 -1 -1 -1 -1 -1 -1 -1
229 21.4727 1.99926 228 231 237 244 249 254 260 469 523 524 525 526 541 542 544 545 546 -1 -1 -1 -1 -1 -1 -1 -1 -1 -1 -1 -1 -1
230 21.9038 2.81424 228 249 254 524 525 526 543 544 545 546 -1 -1 -1 -1 -1 -1 -1 -1 -1 -1 -1 -1 -1 -1 -1 -1 -1 -1 -1 -1
223 21.5519 3.75007 220 228 579 781 -1 -1 -1 -1 -1 -1 -1 -1 -1 -1 -1 -1 -1 -1 -1 -1 -1 -1 -1 -1 -1 -1 -1 -1 -1 -1
219 21.4983 5.3628 214 220 224 574 578 579 581 582 583 646 647 648 650 759 761 762 763 764 779 780 781 782 783 784 -1 -1 -1 -1 -1 -1
575 22.5823 7.15001 574 578 581 582 647 648 649 761 762 763 779 780 782 783 -1 -1 -1 -1 -1 -1 -1 -1 -1 -1 -1 -1 -1 -1 -1 -1
576 22.4197 7.95587 574 578 579 646 647 648 649 651 759 760 761 762 764 779 781 -1 -1 -1 -1 -1 -1 -1 -1 -1 -1 -1 -1 -1 -1 -1
580 21.9719 9.35457 579 586 591 648 652 653 761 765 781 785 786 -1 -1 -1 -1 -1 -1 -1 -1 -1 -1 -1 -1 -1 -1 -1 -1 -1 -1 -1
590 21.4475 9.42375 586 591 598 613 651 652 653 654 764 765 770 785 786 787 878 -1 -1 -1 -1 -1 -1 -1 -1 -1 -1 -1 -1 -1 -1 -1
597 21.1178 11.2984 591 598 602 608 618 625 654 655 746 747 750 766 767 768 769 770 772 786 788 876 878 879 880 -1 -1 -1 -1 -1 -1 -1
609 21.4873 11.7256 608 613 618 747 749 750 769 770 772 877 879 880 -1 -1 -1 -1 -1 -1 -1 -1 -1 -1 -1 -1 -1 -1 -1 -1 -1 -1
601 20.4546 12.7002 598 602 608 613 618 625 654 745 747 750 767 769 770 771 772 787 874 877 878 879 880 -1 -1 -1 -1 -1 -1 -1 -1 -1
615 20.4923 14.1307 613 618 742 744 748 749 771 873 879 -1 -1 -1 -1 -1 -1 -1 -1 -1 -1 -1 -1 -1 -1 -1 -1 -1 -1 -1 -1 -1
736 19.3071 14.3351 734 739 742 803 872 873 874 -1 -1 -1 -1 -1 -1 -1 -1 -1 -1 -1 -1 -1 -1 -1 -1 -1 -1 -1 -1 -1 -1 -1
737 18.9652 15.6614 734 739 742 803 871 872 -1 -1 -1 -1 -1 -1 -1 -1 -1 -1 -1 -1 -1 -1 -1 -1 -1 -1 -1 -1 -1 -1 -1 -1
805 17.3317 16.6941 803 871 -1 -1 -1 -1 -1 -1 -1 -1 -1 -1 -1 -1 -1 -1 -1 -1 -1 -1 -1 -1 -1 -1 -1 -1 -1 -1 -1 -1
738 18.3165 17.3102 734 803 806 871 -1 -1 -1 -1 -1 -1 -1 -1 -1 -1 -1 -1 -1 -1 -1 -1 -1 -1 -1 -1 -1 -1 -1 -1 -1 -1
818 15.5233 18.3984 816 -1 -1 -1 -1 -1 -1 -1 -1 -1 -1 -1 -1 -1 -1 -1 -1 -1 -1 -1 -1 -1 -1 -1 -1 -1 -1 -1 -1 -1
815 14.6288 18.5702 809 816 819 -1 -1 -1 -1 -1 -1 -1 -1 -1 -1 -1 -1 -1 -1 -1 -1 -1 -1 -1 -1 -1 -1 -1 -1 -1 -1 -1
828 13.6439 20.5715 824 -1 -1 -1 -1 -1 -1 -1 -1 -1 -1 -1 -1 -1 -1 -1 -1 -1 -1 -1 -1 -1 -1 -1 -1 -1 -1 -1 -1 -1
829 12.1164 21.2139 824 -1 -1 -1 -1 -1 -1 -1 -1 -1 -1 -1 -1 -1 -1 -1 -1 -1 -1 -1 -1 -1 -1 -1 -1 -1 -1 -1 -1 -1
426 24.8707 -8.1997 425 428 -1 -1 -1 -1 -1 -1 -1 -1 -1 -1 -1 -1 -1 -1 -1 -1 -1 -1 -1 -1 -1 -1 -1 -1 -1 -1 -1 -1
431 24.0252 -5.81781 430 -1 -1 -1 -1 -1 -1 -1 -1 -1 -1 -1 -1 -1 -1 -1 -1 -1 -1 -1 -1 -1 -1 -1 -1 -1 -1 -1 -1 -1
432 24.7725 -4.71332 430 437 439 534 -1 -1 -1 -1 -1 -1 -1 -1 -1 -1 -1 -1 -1 -1 -1 -1 -1 -1 -1 -1 -1 -1 -1 -1 -1 -1
435 23.8939 -3.66236 434 437 439 447 452 533 534 535 536 -1 -1 -1 -1 -1 -1 -1 -1 -1 -1 -1 -1 -1 -1 -1 -1 -1 -1 -1 -1 -1
281 23.6675 -3.46825 280 288 290 365 366 434 436 437 452 530 531 532 533 534 536 -1 -1 -1 -1 -1 -1 -1 -1 -1 -1 -1 -1 -1 -1 -1
282 23.7544 -3.25391 280 288 290 365 366 367 434 436 439 447 530 531 532 533 534 535 536 -1 -1 -1 -1 -1 -1 -1 -1 -1 -1 -1 -1 -1
276 22.951 -1.5995 275 364 365 439 529 -1 -1 -1 -1 -1 -1 -1 -1 -1 -1 -1 -1 -1 -1 -1 -1 -1 -1 -1 -1 -1 -1 -1 -1 -1
251 23.2824 -0.547147 249 254 260 275 280 364 365 525 528 529 530 544 545 546 -1 -1 -1 -1 -1 -1 -1 -1 -1 -1 -1 -1 -1 -1 -1 -1
246 22.5312 0.111101 244 249 254 260 270 363 523 524 525 526 543 545 546 -1 -1 -1 -1 -1 -1 -1 -1 -1 -1 -1 -1 -1 -1 -1 -1 -1
247 22.4413 1.79457 244 249 254 267 362 523 524 525 527 543 544 545 546 547 548 -1 -1 -1 -1 -1 -1 -1 -1 -1 -1 -1 -1 -1 -1 -1
248 22.6137 2.61641 244 254 260 267 362 523 524 525 527 543 544 545 546 547 548 550 -1 -1 -1 -1 -1 -1 -1 -1 -1 -1 -1 -1 -1 -1
252 22.8015 3.67502 249 254 260 524 525 526 544 545 546 548 550 556 -1 -1 -1 -1 -1 -1 -1 -1 -1 -1 -1 -1 -1 -1 -1 -1 -1 -1
557 23.6109 4.4852 556 579 647 648 760 780 781 -1 -1 -1 -1 -1 -1 -1 -1 -1 -1 -1 -1 -1 -1 -1 -1 -1 -1 -1 -1 -1 -1 -1
577 22.8632 6.23062 574 579 581 646 647 649 759 760 761 762 779 780 782 -1 -1 -1 -1 -1 -1 -1 -1 -1 -1 -1 -1 -1 -1 -1 -1 -1
558 23.6224 6.84415 556 562 567 574 578 579 581 644 646 647 648 649 757 758 759 760 761 762 777 778 779 780 781 782 885 886 -1 -1 -1 -1
568 23.1849 8.30891 567 578 579 581 643 644 646 647 649 756 760 761 762 776 777 778 779 884 885 -1 -1 -1 -1 -1 -1 -1 -1 -1 -1 -1
569 23.3272 8.77697 567 578 640 641 643 646 647 648 755 756 757 758 759 760 761 775 776 779 780 781 883 884 885 886 -1 -1 -1 -1 -1 -1
619 22.196 10.6417 618 625 635 640 749 750 754 755 770 771 772 774 878 879 880 882 883 -1 -1 -1 -1 -1 -1 -1 -1 -1 -1 -1 -1 -1
610 21.8515 11.7709 608 613 618 632 747 748 749 750 752 754 769 771 772 773 774 877 878 879 881 -1 -1 -1 -1 -1 -1 -1 -1 -1 -1 -1
611 21.7802 12.7249 608 613 618 625 635 747 748 752 754 769 771 773 774 878 879 880 881 882 -1 -1 -1 -1 -1 -1 -1 -1 -1 -1 -1 -1
612 21.6473 12.9728 608 613 618 625 632 747 748 749 750 752 769 770 771 773 877 878 879 880 881 -1 -1 -1 -1 -1 -1 -1 -1 -1 -1 -1
620 21.9867 14.147 618 632 748 749 750 752 770 771 772 773 878 879 -1 -1 -1 -1 -1 -1 -1 -1 -1 -1 -1 -1 -1 -1 -1 -1 -1 -1
427 26.0456 -9.70765 425 -1 -1 -1 -1 -1 -1 -1 -1 -1 -1 -1 -1 -1 -1 -1 -1 -1 -1 -1 -1 -1 -1 -1 -1 -1 -1 -1 -1 -1
416 25.8649 -8.96409 415 425 -1 -1 -1 -1 -1 -1 -1 -1 -1 -1 -1 -1 -1 -1 -1 -1 -1 -1 -1 -1 -1 -1 -1 -1 -1 -1 -1 -1
417 26.0219 -7.84272 415 425 428 -1 -1 -1 -1 -1 -1 -1 -1 -1 -1 -1 -1 -1 -1 -1 -1 -1 -1 -1 -1 -1 -1 -1 -1 -1 -1 -1
418 25.7244 -6.4339 415 425 428 430 433 -1 -1 -1 -1 -1 -1 -1 -1 -1 -1 -1 -1 -1 -1 -1 -1 -1 -1 -1 -1 -1 -1 -1 -1 -1
429 25.8359 -5.51056 428 430 433 434 -1 -1 -1 -1 -1 -1 -1 -1 -1 -1 -1 -1 -1 -1 -1 -1 -1 -1 -1 -1 -1 -1 -1 -1 -1 -1
291 25.4367 -6.06411 290 367 428 430 434 436 437 532 -1 -1 -1 -1 -1 -1 -1 -1 -1 -1 -1 -1 -1 -1 -1 -1 -1 -1 -1 -1 -1 -1
292 24.8504 -5.35062 290 367 430 433 434 436 437 447 532 533 534 535 -1 -1 -1 -1 -1 -1 -1 -1 -1 -1 -1 -1 -1 -1 -1 -1 -1 -1
289 24.6758 -4.18635 288 290 298 366 367 368 433 434 436 437 439 531 532 533 534 535 -1 -1 -1 -1 -1 -1 -1 -1 -1 -1 -1 -1 -1 -1
277 24.6216 -2.91278 275 290 298 365 366 367 368 434 436 437 439 529 532 533 534 -1 -1 -1 -1 -1 -1 -1 -1 -1 -1 -1 -1 -1 -1 -1
278 24.2153 -2.37809 275 290 364 365 366 367 437 439 447 529 531 532 533 534 535 -1 -1 -1 -1 -1 -1 -1 -1 -1 -1 -1 -1 -1 -1 -1
255 24.2996 -0.351484 254 260 270 275 280 288 362 363 364 365 366 527 528 529 530 531 545 546 547 -1 -1 -1 -1 -1 -1 -1 -1 -1 -1 -1
256 24.1298 -0.0950096 254 260 267 275 280 361 362 363 364 365 525 528 529 545 546 547 -1 -1 -1 -1 -1 -1 -1 -1 -1 -1 -1 -1 -1 -1
253 23.2877 1.25904 249 254 260 270 362 524 525 527 528 529 544 545 546 548 -1 -1 -1 -1 -1 -1 -1 -1 -1 -1 -1 -1 -1 -1 -1 -1
257 24.1149 2.75726 254 260 267 362 525 526 527 545 546 547 548 550 556 -1 -1 -1 -1 -1 -1 -1 -1 -1 -1 -1 -1 -1 -1 -1 -1 -1
258 23.8266 3.10433 254 260 267 362 525 526 527 545 546 547 548 556 562 -1 -1 -1 -1 -1 -1 -1 -1 -1 -1 -1 -1 -1 -1 -1 -1 -1
551 24.4275 5.36782 550 556 567 574 578 646 647 758 759 760 778 779 780 886 -1 -1 -1 -1 -1 -1 -1 -1 -1 -1 -1 -1 -1 -1 -1 -1
559 24.1044 6.30881 556 562 574 578 579 643 644 646 647 648 757 759 760 761 777 778 779 780 781 887 -1 -1 -1 -1 -1 -1 -1 -1 -1 -1
560 23.7916 6.81763 556 562 567 574 579 643 644 646 647 648 757 759 760 761 779 780 781 885 886 -1 -1 -1 -1 -1 -1 -1 -1 -1 -1 -1
563 24.3453 8.53473 562 574 578 640 641 643 644 646 647 756 757 758 760 775 776 779 780 883 884 885 886 887 -1 -1 -1 -1 -1 -1 -1 -1
570 23.8807 8.82159 567 574 578 640 641 643 644 646 647 756 759 760 775 776 777 778 779 780 883 885 886 -1 -1 -1 -1 -1 -1 -1 -1 -1
621 23.2 10.1676 618 625 635 640 641 643 749 754 755 772 774 776 879 882 883 884 885 -1 -1 -1 -1 -1 -1 -1 -1 -1 -1 -1 -1 -1
616 23.3803 11.497 613 618 625 632 640 641 750 752 754 755 756 770 771 772 773 775 776 878 879 881 882 883 884 -1 -1 -1 -1 -1 -1 -1
622 22.8843 13.0358 618 625 632 635 748 749 750 752 754 773 774 879 880 881 882 -1 -1 -1 -1 -1 -1 -1 -1 -1 -1 -1 -1 -1 -1 -1
617 22.2607 13.8459 613 748 750 752 770 771 772 773 878 880 881 -1 -1 -1 -1 -1 -1 -1 -1 -1 -1 -1 -1 -1 -1 -1 -1 -1 -1 -1
626 22.1872 14.3349 625 632 750 752 771 772 773 879 880 881 -1 -1 -1 -1 -1 -1 -1 -1 -1 -1 -1 -1 -1 -1 -1 -1 -1 -1 -1 -1
419 26.584 -9.31051 415 425 -1 -1 -1 -1 -1 -1 -1 -1 -1 -1 -1 -1 -1 -1 -1 -1 -1 -1 -1 -1 -1 -1 -1 -1 -1 -1 -1 -1
420 26.3418 -8.91326 415 425 428 -1 -1 -1 -1 -1 -1 -1 -1 -1 -1 -1 -1 -1 -1 -1 -1 -1 -1 -1 -1 -1 -1 -1 -1 -1 -1 -1
421 26.2302 -7.62865 415 428 430 -1 -1 -1 -1 -1 -1 -1 -1 -1 -1 -1 -1 -1 -1 -1 -1 -1 -1 -1 -1 -1 -1 -1 -1 -1 -1 -1
422 25.992 -6.30785 415 425 428 430 -1 -1 -1 -1 -1 -1 -1 -1 -1 -1 -1 -1 -1 -1 -1 -1 -1 -1 -1 -1 -1 -1 -1 -1 -1 -1
423 25.9286 -5.9333 415 428 430 433 434 -1 -1 -1 -1 -1 -1 -1 -1 -1 -1 -1 -1 -1 -1 -1 -1 -1 -1 -1 -1 -1 -1 -1 -1 -1
293 26.0073 -5.36688 290 367 368 430 433 434 437 532 533 -1 -1 -1 -1 -1 -1 -1 -1 -1 -1 -1 -1 -1 -1 -1 -1 -1 -1 -1 -1 -1
294 25.3481 -4.8213 290 298 366 368 430 433 434 437 439 531 533 534 -1 -1 -1 -1 -1 -1 -1 -1 -1 -1 -1 -1 -1 -1 -1 -1 -1 -1
283 25.8966 -3.66987 280 298 302 365 366 367 369 433 434 437 439 530 531 532 533 534 -1 -1 -1 -1 -1 -1 -1 -1 -1 -1 -1 -1 -1 -1
279 24.7928 -2.81062 275 280 288 290 298 367 368 436 437 439 529 531 532 533 534 -1 -1 -1 -1 -1 -1 -1 -1 -1 -1 -1 -1 -1 -1 -1
271 25.304 -1.94506 270 275 280 288 290 298 363 364 365 366 367 368 436 437 528 530 532 533 -1 -1 -1 -1 -1 -1 -1 -1 -1 -1 -1 -1
272 24.7622 -0.684336 270 275 280 288 361 362 364 365 366 526 527 528 529 531 -1 -1 -1 -1 -1 -1 -1 -1 -1 -1 -1 -1 -1 -1 -1 -1
261 25.323 0.029709 260 267 275 280 360 361 363 364 365 526 527 528 529 530 546 547 548 -1 -1 -1 -1 -1 -1 -1 -1 -1 -1 -1 -1 -1
259 24.5871 1.70523 254 260 267 270 275 360 361 362 363 364 525 527 528 546 548 550 -1 -1 -1 -1 -1 -1 -1 -1 -1 -1 -1 -1 -1 -1
262 25.352 2.56357 260 267 270 360 361 362 363 526 527 528 547 548 550 -1 -1 -1 -1 -1 -1 -1 -1 -1 -1 -1 -1 -1 -1 -1 -1 -1
263 24.8457 3.07512 260 267 361 526 527 546 547 548 550 556 562 -1 -1 -1 -1 -1 -1 -1 -1 -1 -1 -1 -1 -1 -1 -1 -1 -1 -1 -1
571 25.867 5.64457 567 574 644 646 758 759 778 779 887 892 -1 -1 -1 -1 -1 -1 -1 -1 -1 -1 -1 -1 -1 -1 -1 -1 -1 -1 -1 -1
552 25.0491 6.51291 550 556 562 567 578 643 644 646 757 758 759 760 777 779 780 885 886 887 892 -1 -1 -1 -1 -1 -1 -1 -1 -1 -1 -1
561 24.861 7.19744 556 562 567 578 643 644 757 758 759 760 780 884 885 886 887 892 -1 -1 -1 -1 -1 -1 -1 -1 -1 -1 -1 -1 -1 -1
564 24.7848 8.49183 562 574 578 641 643 647 755 756 758 759 776 777 778 779 780 883 884 885 886 892 -1 -1 -1 -1 -1 -1 -1 -1 -1 -1
572 24.3565 8.80092 567 574 578 635 640 643 644 647 754 755 757 758 759 760 774 775 776 777 778 779 882 884 885 886 -1 -1 -1 -1 -1 -1
627 24.1802 10.5815 625 632 635 640 641 643 750 752 754 755 756 757 772 773 774 775 776 880 882 884 885 -1 -1 -1 -1 -1 -1 -1 -1 -1
628 24.8192 11.8363 625 632 635 640 641 750 752 754 755 756 772 773 774 775 880 -1 -1 -1 -1 -1 -1 -1 -1 -1 -1 -1 -1 -1 -1 -1
623 24.1488 12.6826 618 625 632 640 749 750 752 754 755 772 773 774 775 879 880 -1 -1 -1 -1 -1 -1 -1 -1 -1 -1 -1 -1 -1 -1 -1
624 23.4191 13.6809 618 625 632 635 749 750 752 754 771 773 774 879 880 881 882 -1 -1 -1 -1 -1 -1 -1 -1 -1 -1 -1 -1 -1 -1 -1
751 23.2479 14.7552 750 752 772 773 880 881 -1 -1 -1 -1 -1 -1 -1 -1 -1 -1 -1 -1 -1 -1 -1 -1 -1 -1 -1 -1 -1 -1 -1 -1
412 28.0351 -9.59628 411 -1 -1 -1 -1 -1 -1 -1 -1 -1 -1 -1 -1 -1 -1 -1 -1 -1 -1 -1 -1 -1 -1 -1 -1 -1 -1 -1 -1 -1
407 27.9368 -8.52069 406 411 425 428 -1 -1 -1 -1 -1 -1 -1 -1 -1 -1 -1 -1 -1 -1 -1 -1 -1 -1 -1 -1 -1 -1 -1 -1 -1 -1
408 27.1114 -7.73678 406 415 425 430 -1 -1 -1 -1 -1 -1 -1 -1 -1 -1 -1 -1 -1 -1 -1 -1 -1 -1 -1 -1 -1 -1 -1 -1 -1 -1
413 26.9461 -6.35459 411 415 425 428 430 433 -1 -1 -1 -1 -1 -1 -1 -1 -1 -1 -1 -1 -1 -1 -1 -1 -1 -1 -1 -1 -1 -1 -1 -1
414 26.7014 -5.3798 411 415 428 433 434 -1 -1 -1 -1 -1 -1 -1 -1 -1 -1 -1 -1 -1 -1 -1 -1 -1 -1 -1 -1 -1 -1 -1 -1 -1
295 27.0644 -5.18707 290 298 302 368 430 433 434 436 532 -1 -1 -1 -1 -1 -1 -1 -1 -1 -1 -1 -1 -1 -1 -1 -1 -1 -1 -1 -1 -1
296 27.1036 -4.62351 290 298 302 306 368 433 434 436 532 -1 -1 -1 -1 -1 -1 -1 -1 -1 -1 -1 -1 -1 -1 -1 -1 -1 -1 -1 -1 -1
284 26.0968 -3.83498 280 288 290 302 306 366 367 368 369 370 433 436 437 530 531 532 533 -1 -1 -1 -1 -1 -1 -1 -1 -1 -1 -1 -1 -1
285 26.0386 -2.13343 280 288 290 298 364 365 366 367 368 369 436 529 530 531 532 -1 -1 -1 -1 -1 -1 -1 -1 -1 -1 -1 -1 -1 -1 -1
273 25.9557 -1.71156 270 275 280 288 290 298 302 363 364 365 367 368 369 528 529 530 -1 -1 -1 -1 -1 -1 -1 -1 -1 -1 -1 -1 -1 -1
268 26.2853 -0.10437 267 270 275 280 358 361 363 365 527 528 529 530 547 -1 -1 -1 -1 -1 -1 -1 -1 -1 -1 -1 -1 -1 -1 -1 -1 -1
264 25.8578 0.720454 260 267 270 275 358 360 362 363 364 526 527 546 547 548 -1 -1 -1 -1 -1 -1 -1 -1 -1 -1 -1 -1 -1 -1 -1 -1
265 26.0377 1.54123 260 267 358 360 361 362 526 527 528 547 548 550 -1 -1 -1 -1 -1 -1 -1 -1 -1 -1 -1 -1 -1 -1 -1 -1 -1 -1
266 25.6382 2.11314 260 270 360 362 363 526 527 528 546 547 548 556 -1 -1 -1 -1 -1 -1 -1 -1 -1 -1 -1 -1 -1 -1 -1 -1 -1 -1
549 27.0939 5.00293 548 550 556 562 -1 -1 -1 -1 -1 -1 -1 -1 -1 -1 -1 -1 -1 -1 -1 -1 -1 -1 -1 -1 -1 -1 -1 -1 -1 -1
553 26.0966 5.74944 550 556 574 644 646 758 778 779 886 887 892 -1 -1 -1 -1 -1 -1 -1 -1 -1 -1 -1 -1 -1 -1 -1 -1 -1 -1 -1
554 26.2096 6.72695 550 556 562 567 574 757 758 777 778 779 887 892 -1 -1 -1 -1 -1 -1 -1 -1 -1 -1 -1 -1 -1 -1 -1 -1 -1 -1
565 26.4351 7.75276 562 567 641 643 644 756 757 758 759 776 777 778 779 884 885 886 887 892 898 -1 -1 -1 -1 -1 -1 -1 -1 -1 -1 -1
573 26.317 9.11069 567 640 641 643 644 755 757 775 776 778 884 885 886 887 -1 -1 -1 -1 -1 -1 -1 -1 -1 -1 -1 -1 -1 -1 -1 -1
636 25.9093 10.865 635 640 641 643 755 756 757 774 775 776 777 882 883 884 885 887 -1 -1 -1 -1 -1 -1 -1 -1 -1 -1 -1 -1 -1 -1
637 25.7522 10.9531 635 641 643 754 755 756 757 775 777 882 883 884 885 -1 -1 -1 -1 -1 -1 -1 -1 -1 -1 -1 -1 -1 -1 -1 -1 -1
629 25.4667 12.6801 625 632 752 754 755 775 880 881 882 -1 -1 -1 -1 -1 -1 -1 -1 -1 -1 -1 -1 -1 -1 -1 -1 -1 -1 -1 -1 -1
630 25.1201 13.0587 625 632 635 640 750 752 754 755 772 773 774 775 880 881 882 883 -1 -1 -1 -1 -1 -1 -1 -1 -1 -1 -1 -1 -1 -1
631 24.2817 13.987 625 632 635 750 752 754 772 774 880 881 882 -1 -1 -1 -1 -1 -1 -1 -1 -1 -1 -1 -1 -1 -1 -1 -1 -1 -1 -1
633 24.0499 15.2621 632 752 773 881 -1 -1 -1 -1 -1 -1 -1 -1 -1 -1 -1 -1 -1 -1 -1 -1 -1 -1 -1 -1 -1 -1 -1 -1 -1 -1
424 28.4243 -9.56313 415 -1 -1 -1 -1 -1 -1 -1 -1 -1 -1 -1 -1 -1 -1 -1 -1 -1 -1 -1 -1 -1 -1 -1 -1 -1 -1 -1 -1 -1
403 28.7585 -7.82358 402 406 411 415 425 -1 -1 -1 -1 -1 -1 -1 -1 -1 -1 -1 -1 -1 -1 -1 -1 -1 -1 -1 -1 -1 -1 -1 -1 -1
404 28.3731 -7.05289 402 411 415 425 428 -1 -1 -1 -1 -1 -1 -1 -1 -1 -1 -1 -1 -1 -1 -1 -1 -1 -1 -1 -1 -1 -1 -1 -1 -1
405 28.5642 -6.48236 402 406 428 -1 -1 -1 -1 -1 -1 -1 -1 -1 -1 -1 -1 -1 -1 -1 -1 -1 -1 -1 -1 -1 -1 -1 -1 -1 -1 -1
409 28.499 -5.08836 406 430 -1 -1 -1 -1 -1 -1 -1 -1 -1 -1 -1 -1 -1 -1 -1 -1 -1 -1 -1 -1 -1 -1 -1 -1 -1 -1 -1 -1
299 27.8747 -4.82437 298 302 306 368 369 370 433 434 -1 -1 -1 -1 -1 -1 -1 -1 -1 -1 -1 -1 -1 -1 -1 -1 -1 -1 -1 -1 -1 -1
300 27.8463 -4.28641 298 302 306 314 368 369 370 371 433 434 -1 -1 -1 -1 -1 -1 -1 -1 -1 -1 -1 -1 -1 -1 -1 -1 -1 -1 -1 -1
297 27.7831 -3.42282 290 298 302 306 314 367 368 369 370 371 434 436 532 -1 -1 -1 -1 -1 -1 -1 -1 -1 -1 -1 -1 -1 -1 -1 -1 -1
286 26.9783 -2.50056 280 288 290 298 302 306 366 367 368 370 436 530 531 532 -1 -1 -1 -1 -1 -1 -1 -1 -1 -1 -1 -1 -1 -1 -1 -1
287 26.7785 -1.67945 280 288 290 298 306 364 365 366 367 368 369 370 436 529 530 531 532 -1 -1 -1 -1 -1 -1 -1 -1 -1 -1 -1 -1 -1
274 26.8568 -0.952782 270 275 280 288 360 363 364 365 366 529 530 531 -1 -1 -1 -1 -1 -1 -1 -1 -1 -1 -1 -1 -1 -1 -1 -1 -1 -1
269 27.4219 0.917511 267 354 362 363 527 528 547 -1 -1 -1 -1 -1 -1 -1 -1 -1 -1 -1 -1 -1 -1 -1 -1 -1 -1 -1 -1 -1 -1 -1
355 26.4991 2.19985 354 358 360 361 527 528 547 -1 -1 -1 -1 -1 -1 -1 -1 -1 -1 -1 -1 -1 -1 -1 -1 -1 -1 -1 -1 -1 -1 -1
356 26.8266 3.36571 354 358 361 548 550 -1 -1 -1 -1 -1 -1 -1 -1 -1 -1 -1 -1 -1 -1 -1 -1 -1 -1 -1 -1 -1 -1 -1 -1 -1
359 26.7801 4.06959 358 360 550 -1 -1 -1 -1 -1 -1 -1 -1 -1 -1 -1 -1 -1 -1 -1 -1 -1 -1 -1 -1 -1 -1 -1 -1 -1 -1 -1
555 27.2766 5.98831 550 556 562 567 644 758 778 886 892 898 -1 -1 -1 -1 -1 -1 -1 -1 -1 -1 -1 -1 -1 -1 -1 -1 -1 -1 -1 -1
888 27.8824 11.095 887 892 902 -1 -1 -1 -1 -1 -1 -1 -1 -1 -1 -1 -1 -1 -1 -1 -1 -1 -1 -1 -1 -1 -1 -1 -1 -1 -1 -1
645 27.9129 8.94467 644 758 778 886 887 892 898 902 -1 -1 -1 -1 -1 -1 -1 -1 -1 -1 -1 -1 -1 -1 -1 -1 -1 -1 -1 -1 -1 -1
566 26.5927 8.21322 562 567 641 756 757 758 776 778 884 885 886 887 892 898 -1 -1 -1 -1 -1 -1 -1 -1 -1 -1 -1 -1 -1 -1 -1 -1
642 27.2192 10.9259 641 756 776 884 892 898 -1 -1 -1 -1 -1 -1 -1 -1 -1 -1 -1 -1 -1 -1 -1 -1 -1 -1 -1 -1 -1 -1 -1 -1
638 26.7354 12.0032 635 640 754 755 774 775 882 883 -1 -1 -1 -1 -1 -1 -1 -1 -1 -1 -1 -1 -1 -1 -1 -1 -1 -1 -1 -1 -1 -1
639 26.5576 12.3207 635 640 754 755 774 775 883 -1 -1 -1 -1 -1 -1 -1 -1 -1 -1 -1 -1 -1 -1 -1 -1 -1 -1 -1 -1 -1 -1 -1
753 25.8439 14.1163 752 773 881 -1 -1 -1 -1 -1 -1 -1 -1 -1 -1 -1 -1 -1 -1 -1 -1 -1 -1 -1 -1 -1 -1 -1 -1 -1 -1 -1
634 25.7743 14.7597 632 752 773 881 -1 -1 -1 -1 -1 -1 -1 -1 -1 -1 -1 -1 -1 -1 -1 -1 -1 -1 -1 -1 -1 -1 -1 -1 -1 -1
410 29.8517 -9.33762 406 -1 -1 -1 -1 -1 -1 -1 -1 -1 -1 -1 -1 -1 -1 -1 -1 -1 -1 -1 -1 -1 -1 -1 -1 -1 -1 -1 -1 -1
398 30.1123 -8.16535 397 402 406 411 -1 -1 -1 -1 -1 -1 -1 -1 -1 -1 -1 -1 -1 -1 -1 -1 -1 -1 -1 -1 -1 -1 -1 -1 -1 -1
393 29.8054 -7.40402 392 397 402 406 411 -1 -1 -1 -1 -1 -1 -1 -1 -1 -1 -1 -1 -1 -1 -1 -1 -1 -1 -1 -1 -1 -1 -1 -1 -1
385 29.0602 -5.79969 384 392 402 406 411 -1 -1 -1 -1 -1 -1 -1 -1 -1 -1 -1 -1 -1 -1 -1 -1 -1 -1 -1 -1 -1 -1 -1 -1 -1
386 28.9694 -4.79345 384 392 406 -1 -1 -1 -1 -1 -1 -1 -1 -1 -1 -1 -1 -1 -1 -1 -1 -1 -1 -1 -1 -1 -1 -1 -1 -1 -1 -1
303 28.8921 -4.60411 302 306 314 369 371 373 384 -1 -1 -1 -1 -1 -1 -1 -1 -1 -1 -1 -1 -1 -1 -1 -1 -1 -1 -1 -1 -1 -1 -1
304 28.9136 -4.08949 302 322 369 370 371 372 373 377 -1 -1 -1 -1 -1 -1 -1 -1 -1 -1 -1 -1 -1 -1 -1 -1 -1 -1 -1 -1 -1 -1
305 28.9028 -3.31847 302 306 314 326 369 370 371 373 377 -1 -1 -1 -1 -1 -1 -1 -1 -1 -1 -1 -1 -1 -1 -1 -1 -1 -1 -1 -1 -1
301 28.1772 -1.72497 298 302 314 322 326 369 370 371 372 -1 -1 -1 -1 -1 -1 -1 -1 -1 -1 -1 -1 -1 -1 -1 -1 -1 -1 -1 -1 -1
315 28.2894 -0.582482 314 326 332 336 341 370 371 -1 -1 -1 -1 -1 -1 -1 -1 -1 -1 -1 -1 -1 -1 -1 -1 -1 -1 -1 -1 -1 -1 -1
337 27.4691 0.280619 336 341 354 358 360 -1 -1 -1 -1 -1 -1 -1 -1 -1 -1 -1 -1 -1 -1 -1 -1 -1 -1 -1 -1 -1 -1 -1 -1 -1
333 27.9644 0.973098 332 336 341 349 354 358 360 -1 -1 -1 -1 -1 -1 -1 -1 -1 -1 -1 -1 -1 -1 -1 -1 -1 -1 -1 -1 -1 -1 -1
350 27.0511 1.87785 349 358 360 361 -1 -1 -1 -1 -1 -1 -1 -1 -1 -1 -1 -1 -1 -1 -1 -1 -1 -1 -1 -1 -1 -1 -1 -1 -1 -1
342 27.7562 2.9061 341 349 354 360 -1 -1 -1 -1 -1 -1 -1 -1 -1 -1 -1 -1 -1 -1 -1 -1 -1 -1 -1 -1 -1 -1 -1 -1 -1 -1
357 27.0279 4.24073 354 358 360 -1 -1 -1 -1 -1 -1 -1 -1 -1 -1 -1 -1 -1 -1 -1 -1 -1 -1 -1 -1 -1 -1 -1 -1 -1 -1 -1
893 28.6089 10.6733 892 898 902 -1 -1 -1 -1 -1 -1 -1 -1 -1 -1 -1 -1 -1 -1 -1 -1 -1 -1 -1 -1 -1 -1 -1 -1 -1 -1 -1
889 28.2368 11.5022 887 898 902 907 -1 -1 -1 -1 -1 -1 -1 -1 -1 -1 -1 -1 -1 -1 -1 -1 -1 -1 -1 -1 -1 -1 -1 -1 -1 -1
890 28.0795 12.3629 887 892 898 902 907 -1 -1 -1 -1 -1 -1 -1 -1 -1 -1 -1 -1 -1 -1 -1 -1 -1 -1 -1 -1 -1 -1 -1 -1 -1
894 27.2562 13.4156 892 902 907 914 919 924 -1 -1 -1 -1 -1 -1 -1 -1 -1 -1 -1 -1 -1 -1 -1 -1 -1 -1 -1 -1 -1 -1 -1 -1
891 26.5701 12.9624 887 898 902 914 919 -1 -1 -1 -1 -1 -1 -1 -1 -1 -1 -1 -1 -1 -1 -1 -1 -1 -1 -1 -1 -1 -1 -1 -1 -1
920 26.1147 14.1472 919 924 -1 -1 -1 -1 -1 -1 -1 -1 -1 -1 -1 -1 -1 -1 -1 -1 -1 -1 -1 -1 -1 -1 -1 -1 -1 -1 -1 -1
931 25.2831 14.6725 930 -1 -1 -1 -1 -1 -1 -1 -1 -1 -1 -1 -1 -1 -1 -1 -1 -1 -1 -1 -1 -1 -1 -1 -1 -1 -1 -1 -1 -1
399 30.6859 -9.11345 397 -1 -1 -1 -1 -1 -1 -1 -1 -1 -1 -1 -1 -1 -1 -1 -1 -1 -1 -1 -1 -1 -1 -1 -1 -1 -1 -1 -1 -1
394 30.9192 -7.52515 392 397 -1 -1 -1 -1 -1 -1 -1 -1 -1 -1 -1 -1 -1 -1 -1 -1 -1 -1 -1 -1 -1 -1 -1 -1 -1 -1 -1 -1
387 30.2266 -6.42334 384 392 397 411 -1 -1 -1 -1 -1 -1 -1 -1 -1 -1 -1 -1 -1 -1 -1 -1 -1 -1 -1 -1 -1 -1 -1 -1 -1 -1
378 30.5581 -5.86118 377 384 392 397 406 411 -1 -1 -1 -1 -1 -1 -1 -1 -1 -1 -1 -1 -1 -1 -1 -1 -1 -1 -1 -1 -1 -1 -1 -1
379 30.3612 -5.31131 377 384 392 397 402 406 -1 -1 -1 -1 -1 -1 -1 -1 -1 -1 -1 -1 -1 -1 -1 -1 -1 -1 -1 -1 -1 -1 -1 -1
316 29.9192 -4.89109 314 371 373 377 384 392 -1 -1 -1 -1 -1 -1 -1 -1 -1 -1 -1 -1 -1 -1 -1 -1 -1 -1 -1 -1 -1 -1 -1 -1
307 29.9934 -4.11665 306 314 370 371 373 377 384 -1 -1 -1 -1 -1 -1 -1 -1 -1 -1 -1 -1 -1 -1 -1 -1 -1 -1 -1 -1 -1 -1 -1
308 29.521 -2.34673 306 314 322 332 369 370 371 373 -1 -1 -1 -1 -1 -1 -1 -1 -1 -1 -1 -1 -1 -1 -1 -1 -1 -1 -1 -1 -1 -1
309 29.4368 -1.65018 306 314 322 336 371 372 373 -1 -1 -1 -1 -1 -1 -1 -1 -1 -1 -1 -1 -1 -1 -1 -1 -1 -1 -1 -1 -1 -1 -1
317 28.5078 -0.408081 314 326 332 336 341 371 -1 -1 -1 -1 -1 -1 -1 -1 -1 -1 -1 -1 -1 -1 -1 -1 -1 -1 -1 -1 -1 -1 -1 -1
327 28.3292 -0.0872553 326 332 336 341 358 -1 -1 -1 -1 -1 -1 -1 -1 -1 -1 -1 -1 -1 -1 -1 -1 -1 -1 -1 -1 -1 -1 -1 -1 -1
338 28.2891 1.26726 336 341 349 358 -1 -1 -1 -1 -1 -1 -1 -1 -1 -1 -1 -1 -1 -1 -1 -1 -1 -1 -1 -1 -1 -1 -1 -1 -1 -1
343 28.8797 2.66151 341 349 358 360 -1 -1 -1 -1 -1 -1 -1 -1 -1 -1 -1 -1 -1 -1 -1 -1 -1 -1 -1 -1 -1 -1 -1 -1 -1 -1
344 28.8559 3.06099 341 349 354 358 -1 -1 -1 -1 -1 -1 -1 -1 -1 -1 -1 -1 -1 -1 -1 -1 -1 -1 -1 -1 -1 -1 -1 -1 -1 -1
351 28.5671 4.55302 349 354 -1 -1 -1 -1 -1 -1 -1 -1 -1 -1 -1 -1 -1 -1 -1 -1 -1 -1 -1 -1 -1 -1 -1 -1 -1 -1 -1 -1
899 29.9934 11.606 898 -1 -1 -1 -1 -1 -1 -1 -1 -1 -1 -1 -1 -1 -1 -1 -1 -1 -1 -1 -1 -1 -1 -1 -1 -1 -1 -1 -1 -1
895 28.6875 11.9333 892 898 902 907 914 -1 -1 -1 -1 -1 -1 -1 -1 -1 -1 -1 -1 -1 -1 -1 -1 -1 -1 -1 -1 -1 -1 -1 -1 -1
896 28.3192 12.7241 892 898 907 914 919 -1 -1 -1 -1 -1 -1 -1 -1 -1 -1 -1 -1 -1 -1 -1 -1 -1 -1 -1 -1 -1 -1 -1 -1 -1
897 27.9747 12.7883 892 902 907 914 919 -1 -1 -1 -1 -1 -1 -1 -1 -1 -1 -1 -1 -1 -1 -1 -1 -1 -1 -1 -1 -1 -1 -1 -1 -1
908 27.6351 14.6576 907 914 919 924 930 -1 -1 -1 -1 -1 -1 -1 -1 -1 -1 -1 -1 -1 -1 -1 -1 -1 -1 -1 -1 -1 -1 -1 -1 -1
915 26.7053 15.4055 914 919 924 930 -1 -1 -1 -1 -1 -1 -1 -1 -1 -1 -1 -1 -1 -1 -1 -1 -1 -1 -1 -1 -1 -1 -1 -1 -1 -1
925 25.7832 16.0862 924 -1 -1 -1 -1 -1 -1 -1 -1 -1 -1 -1 -1 -1 -1 -1 -1 -1 -1 -1 -1 -1 -1 -1 -1 -1 -1 -1 -1 -1
926 25.6882 17.2315 924 930 -1 -1 -1 -1 -1 -1 -1 -1 -1 -1 -1 -1 -1 -1 -1 -1 -1 -1 -1 -1 -1 -1 -1 -1 -1 -1 -1 -1
400 32.1208 -8.2324 397 402 -1 -1 -1 -1 -1 -1 -1 -1 -1 -1 -1 -1 -1 -1 -1 -1 -1 -1 -1 -1 -1 -1 -1 -1 -1 -1 -1 -1
395 31.7033 -7.44698 392 397 402 -1 -1 -1 -1 -1 -1 -1 -1 -1 -1 -1 -1 -1 -1 -1 -1 -1 -1 -1 -1 -1 -1 -1 -1 -1 -1 -1
388 31.9126 -6.7813 384 392 397 402 -1 -1 -1 -1 -1 -1 -1 -1 -1 -1 -1 -1 -1 -1 -1 -1 -1 -1 -1 -1 -1 -1 -1 -1 -1 -1
380 30.5229 -5.28913 377 392 402 406 -1 -1 -1 -1 -1 -1 -1 -1 -1 -1 -1 -1 -1 -1 -1 -1 -1 -1 -1 -1 -1 -1 -1 -1 -1 -1
374 30.5797 -4.21831 373 377 392 397 -1 -1 -1 -1 -1 -1 -1 -1 -1 -1 -1 -1 -1 -1 -1 -1 -1 -1 -1 -1 -1 -1 -1 -1 -1 -1
318 30.4672 -4.64128 314 322 371 377 392 -1 -1 -1 -1 -1 -1 -1 -1 -1 -1 -1 -1 -1 -1 -1 -1 -1 -1 -1 -1 -1 -1 -1 -1 -1
310 30.3486 -4.09772 306 322 326 370 371 373 377 384 -1 -1 -1 -1 -1 -1 -1 -1 -1 -1 -1 -1 -1 -1 -1 -1 -1 -1 -1 -1 -1 -1
311 30.7096 -2.45206 306 314 322 326 332 370 371 372 373 377 -1 -1 -1 -1 -1 -1 -1 -1 -1 -1 -1 -1 -1 -1 -1 -1 -1 -1 -1 -1
312 29.7757 -2.12712 306 322 336 370 372 373 -1 -1 -1 -1 -1 -1 -1 -1 -1 -1 -1 -1 -1 -1 -1 -1 -1 -1 -1 -1 -1 -1 -1 -1
313 29.5233 -1.13426 306 314 322 326 332 336 370 371 372 -1 -1 -1 -1 -1 -1 -1 -1 -1 -1 -1 -1 -1 -1 -1 -1 -1 -1 -1 -1 -1
328 29.5595 0.634742 326 332 336 341 349 354 -1 -1 -1 -1 -1 -1 -1 -1 -1 -1 -1 -1 -1 -1 -1 -1 -1 -1 -1 -1 -1 -1 -1 -1
334 29.8675 1.28107 332 336 341 -1 -1 -1 -1 -1 -1 -1 -1 -1 -1 -1 -1 -1 -1 -1 -1 -1 -1 -1 -1 -1 -1 -1 -1 -1 -1 -1
339 29.8629 2.55449 336 349 354 -1 -1 -1 -1 -1 -1 -1 -1 -1 -1 -1 -1 -1 -1 -1 -1 -1 -1 -1 -1 -1 -1 -1 -1 -1 -1 -1
345 29.1105 3.01206 341 349 358 -1 -1 -1 -1 -1 -1 -1 -1 -1 -1 -1 -1 -1 -1 -1 -1 -1 -1 -1 -1 -1 -1 -1 -1 -1 -1 -1
352 29.5938 4.73899 349 -1 -1 -1 -1 -1 -1 -1 -1 -1 -1 -1 -1 -1 -1 -1 -1 -1 -1 -1 -1 -1 -1 -1 -1 -1 -1 -1 -1 -1
909 30.696 11.3414 907 -1 -1 -1 -1 -1 -1 -1 -1 -1 -1 -1 -1 -1 -1 -1 -1 -1 -1 -1 -1 -1 -1 -1 -1 -1 -1 -1 -1 -1
900 29.6956 12.4957 898 914 -1 -1 -1 -1 -1 -1 -1 -1 -1 -1 -1 -1 -1 -1 -1 -1 -1 -1 -1 -1 -1 -1 -1 -1 -1 -1 -1 -1
901 29.1327 13.6886 898 902 907 914 919 -1 -1 -1 -1 -1 -1 -1 -1 -1 -1 -1 -1 -1 -1 -1 -1 -1 -1 -1 -1 -1 -1 -1 -1 -1
903 28.9868 14.2055 902 907 914 919 -1 -1 -1 -1 -1 -1 -1 -1 -1 -1 -1 -1 -1 -1 -1 -1 -1 -1 -1 -1 -1 -1 -1 -1 -1 -1
904 28.4941 15.1991 902 907 919 924 -1 -1 -1 -1 -1 -1 -1 -1 -1 -1 -1 -1 -1 -1 -1 -1 -1 -1 -1 -1 -1 -1 -1 -1 -1 -1
916 27.2484 16.0418 914 919 924 930 -1 -1 -1 -1 -1 -1 -1 -1 -1 -1 -1 -1 -1 -1 -1 -1 -1 -1 -1 -1 -1 -1 -1 -1 -1 -1
921 26.7032 16.2031 919 924 -1 -1 -1 -1 -1 -1 -1 -1 -1 -1 -1 -1 -1 -1 -1 -1 -1 -1 -1 -1 -1 -1 -1 -1 -1 -1 -1 -1
927 26.6152 17.6805 924 930 -1 -1 -1 -1 -1 -1 -1 -1 -1 -1 -1 -1 -1 -1 -1 -1 -1 -1 -1 -1 -1 -1 -1 -1 -1 -1 -1 -1
932 25.9125 18.1273 930 -1 -1 -1 -1 -1 -1 -1 -1 -1 -1 -1 -1 -1 -1 -1 -1 -1 -1 -1 -1 -1 -1 -1 -1 -1 -1 -1 -1 -1
396 32.7473 -7.17415 392 397 -1 -1 -1 -1 -1 -1 -1 -1 -1 -1 -1 -1 -1 -1 -1 -1 -1 -1 -1 -1 -1 -1 -1 -1 -1 -1 -1 -1
389 32.6093 -6.08216 384 392 397 402 -1 -1 -1 -1 -1 -1 -1 -1 -1 -1 -1 -1 -1 -1 -1 -1 -1 -1 -1 -1 -1 -1 -1 -1 -1 -1
381 32.1752 -4.85415 377 384 392 397 -1 -1 -1 -1 -1 -1 -1 -1 -1 -1 -1 -1 -1 -1 -1 -1 -1 -1 -1 -1 -1 -1 -1 -1 -1 -1
382 32.0892 -4.08827 377 384 392 -1 -1 -1 -1 -1 -1 -1 -1 -1 -1 -1 -1 -1 -1 -1 -1 -1 -1 -1 -1 -1 -1 -1 -1 -1 -1 -1
323 32.0804 -4.28909 322 372 373 377 384 392 -1 -1 -1 -1 -1 -1 -1 -1 -1 -1 -1 -1 -1 -1 -1 -1 -1 -1 -1 -1 -1 -1 -1 -1
319 31.4857 -3.74292 314 322 371 372 373 377 384 -1 -1 -1 -1 -1 -1 -1 -1 -1 -1 -1 -1 -1 -1 -1 -1 -1 -1 -1 -1 -1 -1 -1
320 31.0752 -2.03249 314 322 326 332 372 -1 -1 -1 -1 -1 -1 -1 -1 -1 -1 -1 -1 -1 -1 -1 -1 -1 -1 -1 -1 -1 -1 -1 -1 -1
321 30.764 -1.06525 314 322 326 332 336 371 372 373 -1 -1 -1 -1 -1 -1 -1 -1 -1 -1 -1 -1 -1 -1 -1 -1 -1 -1 -1 -1 -1 -1
324 30.5709 -0.138423 322 326 332 336 341 372 -1 -1 -1 -1 -1 -1 -1 -1 -1 -1 -1 -1 -1 -1 -1 -1 -1 -1 -1 -1 -1 -1 -1 -1
329 30.9271 0.764726 326 332 336 341 349 -1 -1 -1 -1 -1 -1 -1 -1 -1 -1 -1 -1 -1 -1 -1 -1 -1 -1 -1 -1 -1 -1 -1 -1 -1
340 30.3591 1.63144 336 341 349 354 -1 -1 -1 -1 -1 -1 -1 -1 -1 -1 -1 -1 -1 -1 -1 -1 -1 -1 -1 -1 -1 -1 -1 -1 -1 -1
346 30.4537 3.04823 341 349 354 -1 -1 -1 -1 -1 -1 -1 -1 -1 -1 -1 -1 -1 -1 -1 -1 -1 -1 -1 -1 -1 -1 -1 -1 -1 -1 -1
347 30.6071 3.049 341 349 -1 -1 -1 -1 -1 -1 -1 -1 -1 -1 -1 -1 -1 -1 -1 -1 -1 -1 -1 -1 -1 -1 -1 -1 -1 -1 -1 -1
910 31.7763 12.3288 907 -1 -1 -1 -1 -1 -1 -1 -1 -1 -1 -1 -1 -1 -1 -1 -1 -1 -1 -1 -1 -1 -1 -1 -1 -1 -1 -1 -1 -1
911 31.2886 12.9697 907 -1 -1 -1 -1 -1 -1 -1 -1 -1 -1 -1 -1 -1 -1 -1 -1 -1 -1 -1 -1 -1 -1 -1 -1 -1 -1 -1 -1 -1
905 30.1824 13.2651 902 907 914 -1 -1 -1 -1 -1 -1 -1 -1 -1 -1 -1 -1 -1 -1 -1 -1 -1 -1 -1 -1 -1 -1 -1 -1 -1 -1 -1
906 29.2613 14.5527 902 907 914 919 924 -1 -1 -1 -1 -1 -1 -1 -1 -1 -1 -1 -1 -1 -1 -1 -1 -1 -1 -1 -1 -1 -1 -1 -1 -1
912 29.2359 15.5352 907 924 930 -1 -1 -1 -1 -1 -1 -1 -1 -1 -1 -1 -1 -1 -1 -1 -1 -1 -1 -1 -1 -1 -1 -1 -1 -1 -1 -1
917 28.6433 16.287 914 924 930 -1 -1 -1 -1 -1 -1 -1 -1 -1 -1 -1 -1 -1 -1 -1 -1 -1 -1 -1 -1 -1 -1 -1 -1 -1 -1 -1
928 28.0664 17.1613 924 930 -1 -1 -1 -1 -1 -1 -1 -1 -1 -1 -1 -1 -1 -1 -1 -1 -1 -1 -1 -1 -1 -1 -1 -1 -1 -1 -1 -1
933 26.6319 17.5047 930 -1 -1 -1 -1 -1 -1 -1 -1 -1 -1 -1 -1 -1 -1 -1 -1 -1 -1 -1 -1 -1 -1 -1 -1 -1 -1 -1 -1 -1
401 33.0827 -6.8837 397 -1 -1 -1 -1 -1 -1 -1 -1 -1 -1 -1 -1 -1 -1 -1 -1 -1 -1 -1 -1 -1 -1 -1 -1 -1 -1 -1 -1 -1
390 32.896 -5.89972 384 397 -1 -1 -1 -1 -1 -1 -1 -1 -1 -1 -1 -1 -1 -1 -1 -1 -1 -1 -1 -1 -1 -1 -1 -1 -1 -1 -1 -1
391 32.8821 -5.25929 384 -1 -1 -1 -1 -1 -1 -1 -1 -1 -1 -1 -1 -1 -1 -1 -1 -1 -1 -1 -1 -1 -1 -1 -1 -1 -1 -1 -1 -1
383 32.8961 -3.84277 377 384 392 -1 -1 -1 -1 -1 -1 -1 -1 -1 -1 -1 -1 -1 -1 -1 -1 -1 -1 -1 -1 -1 -1 -1 -1 -1 -1 -1
375 32.6478 -2.76691 373 377 384 -1 -1 -1 -1 -1 -1 -1 -1 -1 -1 -1 -1 -1 -1 -1 -1 -1 -1 -1 -1 -1 -1 -1 -1 -1 -1 -1
376 32.6215 -1.94595 373 -1 -1 -1 -1 -1 -1 -1 -1 -1 -1 -1 -1 -1 -1 -1 -1 -1 -1 -1 -1 -1 -1 -1 -1 -1 -1 -1 -1 -1
325 31.8164 -1.00722 322 326 332 -1 -1 -1 -1 -1 -1 -1 -1 -1 -1 -1 -1 -1 -1 -1 -1 -1 -1 -1 -1 -1 -1 -1 -1 -1 -1 -1
330 31.8347 0.249895 326 332 336 -1 -1 -1 -1 -1 -1 -1 -1 -1 -1 -1 -1 -1 -1 -1 -1 -1 -1 -1 -1 -1 -1 -1 -1 -1 -1 -1
331 31.4329 0.503781 326 332 336 341 -1 -1 -1 -1 -1 -1 -1 -1 -1 -1 -1 -1 -1 -1 -1 -1 -1 -1 -1 -1 -1 -1 -1 -1 -1 -1
335 31.3322 1.21708 332 336 341 349 -1 -1 -1 -1 -1 -1 -1 -1 -1 -1 -1 -1 -1 -1 -1 -1 -1 -1 -1 -1 -1 -1 -1 -1 -1 -1
353 31.3505 2.28966 349 -1 -1 -1 -1 -1 -1 -1 -1 -1 -1 -1 -1 -1 -1 -1 -1 -1 -1 -1 -1 -1 -1 -1 -1 -1 -1 -1 -1 -1
348 30.998 3.37554 341 349 -1 -1 -1 -1 -1 -1 -1 -1 -1 -1 -1 -1 -1 -1 -1 -1 -1 -1 -1 -1 -1 -1 -1 -1 -1 -1 -1 -1
913 31.2772 14.2969 907 914 -1 -1 -1 -1 -1 -1 -1 -1 -1 -1 -1 -1 -1 -1 -1 -1 -1 -1 -1 -1 -1 -1 -1 -1 -1 -1 -1 -1
918 30.7604 15.2729 914 -1 -1 -1 -1 -1 -1 -1 -1 -1 -1 -1 -1 -1 -1 -1 -1 -1 -1 -1 -1 -1 -1 -1 -1 -1 -1 -1 -1 -1
922 30.1185 16.2153 919 -1 -1 -1 -1 -1 -1 -1 -1 -1 -1 -1 -1 -1 -1 -1 -1 -1 -1 -1 -1 -1 -1 -1 -1 -1 -1 -1 -1 -1
923 28.9817 17.2842 919 924 930 -1 -1 -1 -1 -1 -1 -1 -1 -1 -1 -1 -1 -1 -1 -1 -1 -1 -1 -1 -1 -1 -1 -1 -1 -1 -1 -1
934 28.3665 18.1448 930 -1 -1 -1 -1 -1 -1 -1 -1 -1 -1 -1 -1 -1 -1 -1 -1 -1 -1 -1 -1 -1 -1 -1 -1 -1 -1 -1 -1 -1
929 27.9889 18.0694 924 930 -1 -1 -1 -1 -1 -1 -1 -1 -1 -1 -1 -1 -1 -1 -1 -1 -1 -1 -1 -1 -1 -1 -1 -1 -1 -1 -1 -1
