0 0 0
19 0.983305 -0.00618273
23 1.95821 -0.00414808
28 2.93429 -0.0154356
34 3.94319 -0.00268129
40 4.91167 0.0364733
44 4.97517 -0.880327
49 5.02349 -1.86108
53 5.09713 -2.87666
60 5.10151 -3.97846
67 5.14632 -4.96375
74 4.16695 -4.9672
78 3.1175 -4.991
84 2.20556 -5.02316
91 1.20947 -5.0809
96 0.204542 -5.06976
102 0.195379 -6.15037
108 0.211642 -7.21258
112 0.261161 -8.24278
118 0.244594 -9.24308
124 0.220455 -10.266
131 -0.756554 -10.2786
138 -1.90599 -10.3086
142 -2.96247 -10.3396
147 -4.02881 -10.3225
155 -5.02352 -10.3213
159 -5.10384 -11.3707
165 -5.10162 -12.3341
170 -5.13033 -13.2782
176 -5.14047 -14.3581
181 -5.08837 -15.3392
187 -4.07448 -15.2802
193 -3.14492 -15.2732
197 -2.16082 -15.2988
204 -1.22461 -15.305
209 -0.190491 -15.2387
214 -0.225328 -14.2682
216 -0.282734 -13.2254
219 -0.28586 -12.2894
221 -0.368381 -11.3027
222 -0.461397 -10.2584
223 -1.49202 -10.3249
224 -2.50834 -10.4023
225 -3.48915 -10.4553
226 -4.46351 -10.4743
227 -5.45249 -10.4758
228 -5.4284 -11.5013
229 -5.36198 -12.3685
230 -5.25823 -13.4123
231 -5.20693 -14.3875
232 -5.23127 -15.4146
233 -6.25193 -15.3888
238 -7.23663 -15.3825
243 -8.16039 -15.386
249 -9.0971 -15.454
253 -10.1385 -15.5224
259 -10.2002 -14.4952
266 -10.2829 -13.5017
269 -10.3976 -12.5366
275 -10.4304 -11.4875
282 -10.4186 -10.4998
287 -11.433 -10.4491
291 -12.3519 -10.4841
298 -13.2252 -10.508
305 -14.209 -10.5644
311 -15.1734 -10.5815
316 -15.2053 -11.5949
318 -15.2637 -12.6616
325 -15.3189 -13.6467
334 -15.3236 -14.6945
337 -15.3706 -15.5613
343 -14.3649 -15.6112
347 -13.3553 -15.6542
349 -12.441 -15.7417
350 -11.4599 -15.8639
351 -10.4548 -16.0132
352 -10.531 -17.003
355 -10.6039 -18.0209
359 -10.7177 -19.0274
366 -10.8386 -20.0386
372 -10.9502 -21.0538
377 -11.9019 -20.9345
385 -13.0033 -20.8448
389 -14.0784 -20.7561
393 -15.0675 -20.6715
400 -16.0472 -20.6262
407 -16.0729 -19.631
410 -16.0921 -18.5624
413 -16.0101 -17.5294
414 -15.9903 -16.5215
415 -15.9591 -15.549
416 -16.8612 -15.4693
420 -17.8769 -15.4052
425 -18.913 -15.2879
430 -19.8222 -15.1702
434 -20.8606 -15.0239
442 -20.9562 -16.0185
443 -21.0723 -17.0086
451 -21.1744 -18.0923
460 -21.2842 -19.1176
464 -21.3738 -20.1455
469 -22.3246 -20.0747
472 -23.2898 -20.0097
476 -24.3053 -19.9908
483 -25.2598 -20.0225
490 -26.2673 -20.0366
496 -26.2052 -21.0369
500 -26.1766 -22.0665
506 -26.1796 -23.0232
511 -26.2009 -24.0367
518 -26.2354 -25.0102
523 -25.2092 -25.037
528 -24.0964 -25.1618
531 -23.1693 -25.2346
540 -22.2279 -25.2978
547 -21.1853 -25.3441
549 -21.2145 -26.4178
555 -21.2871 -27.3215
559 -21.3931 -28.3149
567 -21.5025 -29.2844
572 -21.5939 -30.3218
580 -20.5355 -30.3968
585 -19.5889 -30.4104
591 -18.6693 -30.4159
599 -17.6617 -30.3597
603 -16.7141 -30.3277
610 -16.7716 -29.2605
613 -16.7877 -28.3233
618 -16.8607 -27.2162
623 -16.9107 -26.1843
629 -16.9947 -25.0902
636 -15.9767 -25.0448
640 -14.9471 -24.9115
645 -13.983 -24.7606
652 -12.9463 -24.5249
658 -11.9884 -24.3191
663 -11.7781 -25.3349
671 -11.6081 -26.2491
676 -11.4365 -27.1988
681 -11.2485 -28.2601
688 -11.1306 -29.1775
695 -12.1146 -29.2973
697 -13.1735 -29.3739
699 -14.116 -29.4215
701 -15.0696 -29.4839
702 -16.1021 -29.5411
703 -16.054 -30.4917
705 -15.934 -31.5179
712 -15.8124 -32.547
717 -15.7339 -33.5586
722 -15.6434 -34.5625
726 -14.6393 -34.4885
731 -13.6044 -34.4222
737 -12.6274 -34.3293
743 -11.6444 -34.2436
747 -10.5703 -34.1356
752 -10.6956 -33.1306
756 -10.8116 -32.1717
757 -10.9406 -31.1924
758 -11.0536 -30.2182
760 -11.1498 -29.1944
761 -10.196 -29.1214
765 -9.19621 -29.0056
769 -8.22299 -28.9326
774 -7.26449 -28.7972
778 -6.19508 -28.6268
786 -6.35838 -27.8262
791 -6.56366 -26.8033
796 -6.77041 -25.8956
801 -7.0049 -24.9564
806 -7.26637 -23.9988
813 -6.31274 -23.7956
820 -5.36772 -23.5737
824 -4.46477 -23.4157
830 -3.44232 -23.2671
838 -2.52074 -23.1093
843 -2.35964 -24.1685
848 -2.17236 -25.1331
853 -1.9829 -26.1225
858 -1.78893 -27.2297
866 -1.663 -28.1331
868 -2.68593 -28.3655
873 -3.71854 -28.5813
875 -4.74703 -28.7974
877 -5.72203 -29.0067
878 -6.68346 -29.2811
879 -6.41078 -30.1962
882 -6.17609 -31.1524
888 -5.90045 -32.1803
893 -5.65617 -33.146
898 -5.4339 -34.1078
905 -4.50451 -33.8887
911 -3.46147 -33.653
915 -2.49105 -33.4754
920 -1.44741 -33.2758
925 -0.493214 -33.1432
932 -0.641608 -32.2272
935 -0.82448 -31.2432
937 -1.0261 -30.2494
938 -1.25373 -29.2518
939 -1.46123 -28.3049
940 -0.503167 -28.0803
945 0.504589 -27.883
946 1.43929 -27.6911
955 2.3077 -27.501
962 3.31584 -27.3563
970 3.1479 -26.3416
974 2.99444 -25.3668
978 2.82348 -24.4179
984 2.607 -23.4072
989 2.4481 -22.447
994 3.45571 -22.2463
1000 4.34397 -22.0844
1007 5.3036 -21.9537
1012 6.37916 -21.7837
1020 7.31332 -21.6075
1023 7.4839 -22.6219
1028 7.66794 -23.6364
1037 7.79938 -24.6257
1040 7.9667 -25.6807
1044 8.13489 -26.6165
1050 7.17833 -26.7751
1053 6.17395 -26.9466
1054 5.191 -27.1506
1055 4.21058 -27.3589
1056 3.18002 -27.5121
1057 3.0603 -26.4995
1059 3.05659 -25.4885
1060 3.04646 -24.4991
1061 3.09905 -23.5017
1062 3.16998 -22.414
1064 2.13989 -22.3368
1067 1.13652 -22.2851
1068 0.185983 -22.229
1070 -0.767129 -22.1843
1071 -1.8414 -22.1652
1072 -1.94086 -23.1866
1073 -1.99947 -24.1623
1074 -2.07313 -25.1093
1075 -2.13871 -26.0735
1076 -2.25075 -27.0756
1077 -3.24395 -27.0067
1078 -4.21703 -26.9584
1079 -5.29894 -26.9625
1080 -6.24019 -26.9145
1081 -7.26978 -26.914
1082 -7.25539 -25.9509
1083 -7.21974 -24.9111
1084 -7.24063 -23.8227
1085 -7.30352 -22.7757
1086 -7.37022 -21.8072
1087 -8.41033 -21.8889
1089 -9.41673 -21.97
1090 -10.4468 -22.0626
1092 -11.4813 -22.0757
1093 -12.4136 -22.0969
1094 -12.4416 -21.1284
1095 -12.5022 -20.1448
1096 -12.5332 -19.1079
1098 -12.5483 -18.0754
1099 -12.6215 -17.035
1100 -11.6321 -16.9773
1103 -10.6146 -16.9584
1108 -9.64323 -16.9427
1113 -8.66259 -16.9161
1118 -7.68657 -16.8112
1124 -7.55301 -17.8356
1127 -7.37899 -18.8019
1129 -7.19845 -19.7889
1130 -6.94956 -20.7473
1131 -6.70934 -21.6615
1132 -7.64576 -21.9506
1133 -8.59074 -22.1793
1134 -9.62558 -22.3584
1135 -10.6828 -22.6017
1136 -11.647 -22.7968
1137 -11.4471 -23.8179
1138 -11.2077 -24.8798
1139 -11.0741 -25.8049
1140 -10.9081 -26.8341
1141 -10.7376 -27.7462
1142 -11.6537 -27.8876
1143 -12.6319 -28.093
1144 -13.6346 -28.3309
1145 -14.6229 -28.5491
1146 -15.6459 -28.8417
1147 -15.3682 -29.7214
1148 -15.0662 -30.5594
1149 -14.7906 -31.4277
1150 -14.4336 -32.3561
1151 -14.0711 -33.2601
1152 -13.2223 -32.9104
1153 -12.3421 -32.5308
1154 -11.3866 -32.1754
1155 -10.5405 -31.8232
1156 -9.64105 -31.5047
1157 -10.0153 -30.5898
1158 -10.452 -29.5881
1159 -10.9068 -28.6631
1160 -11.3513 -27.7788
