0 0	0 0	0
1 0	   0.942684 -0.00595632	18
2 0	  1.94265 0.0466031	25
3 0	 2.86893 0.129534	31
4 0	 3.90902 0.152079	37
5 0	 4.86425 0.189126	43
 5 -1	  4.87008 -0.808436	48
 5 -2	 4.89028 -1.84497	51
 5 -3	 4.93103 -2.84231	58
 5 -4	  4.9595 -3.76196	62
 5 -5	 4.98359 -4.71379	68
 6 -5	 5.91336 -4.72433	75
 7 -5	 6.93845 -4.71933	80
 8 -5	 8.01636 -4.70197	87
 9 -5	 9.09251 -4.62668	91
10 -5	 10.2287 -4.58162	96
10 -6	 10.2475 -5.70619	104
10 -7	  10.198 -6.66704	110
10 -8	10.1441 -7.6865	114
10 -9	 10.0287 -8.74705	118
 10 -10	 9.90907 -9.75927	125
  9 -10	 8.91998 -9.65651	130
  8 -10	 7.92014 -9.55726	136
  7 -10	 7.01235 -9.45866	140
  6 -10	  6.0528 -9.31562	149
  5 -10	 5.05181 -9.25402	155
  5 -11	4.98293 -10.187	159
  5 -12	 4.91613 -11.2215	164
  5 -13	  4.8055 -12.1884	168
  5 -14	 4.59448 -13.1619	177
  5 -15	4.32793 -14.21	183
  4 -15	 3.34601 -13.9235	189
  3 -15	 2.46241 -13.6981	195
  2 -15	 1.58078 -13.5112	199
  1 -15	0.648253 -13.2758	205
  0 -15	-0.200064 -13.0876	208
6.12323e-17 -16	-0.41112 -13.9905	216
1.22465e-16 -17	-0.654411 -14.9195	220
1.83697e-16 -18	-0.87261 -15.8776	228
2.44929e-16 -19	-1.15199 -16.9177	233
3.06162e-16 -20	-1.36224 -17.9022	237
 -1 -20	-2.38234 -17.6889	245
 -2 -20	-3.30141 -17.5221	248
 -3 -20	-4.27371 -17.3873	254
 -4 -20	-5.24556 -17.2845	260
 -5 -20	-6.19537 -17.1743	265
 -5 -19	 -6.0201 -16.1717	274
 -5 -18	-5.90194 -15.1989	278
 -5 -17	-5.77236 -14.1691	284
 -5 -16	-5.69021 -13.3383	291
 -5 -15	-5.53902 -12.357	294
 -6 -15	-6.46808 -12.2103	301
 -7 -15	-7.42296 -12.059	306
 -8 -15	-8.43574 -11.9175	310
 -9 -15	-9.43531 -11.7324	316
-10 -15	-10.3856 -11.5507	323
-10 -14	-10.1827 -10.6042	331
-10 -13	-9.98009 -9.65003	337
-10 -12	-9.84966 -8.64039	341
-10 -11	-9.72635 -7.7138	347
-10 -10	-9.60529 -6.75095	353
 -9 -10	-8.64243 -6.85493	359
 -8 -10	-7.69249 -6.91782	364
 -7 -10	-6.67693 -7.02083	369
 -6 -10	-5.67453 -7.15612	374
 -5 -10	-4.76039 -7.22304	378
 -5 -11	 -4.8217 -8.21204	388
 -5 -12	 -4.8721 -9.21893	390
 -5 -13	-4.93132 -10.199	391
 -5 -14	-4.95479 -11.1534	392
 -5 -15	-4.99518 -12.2135	393
 -4 -15	-4.03231 -12.2689	394
 -3 -15	-3.05227 -12.2957	395
 -2 -15	-2.05643 -12.283	396
 -1 -15	-1.04796 -12.2487	399
  0 -15	-0.081472 -12.2055	400
6.12323e-17 -14	-0.101121 -11.1776	401
1.22465e-16 -13	-0.121938 -10.172	406
1.83697e-16 -12	-0.146939 -9.19854	410
2.44929e-16 -11	-0.178526 -8.23884	416
3.06162e-16 -10	-0.251597 -7.12578	421
  1 -10	 0.76023 -7.09378	428
  2 -10	 1.78101 -7.03901	431
  3 -10	2.79028 -6.9951	432
  4 -10	 3.77041 -6.96492	433
  5 -10	4.75455 -6.9392	434
 5 -9	 4.84126 -5.92365	435
 5 -8	 4.89706 -4.93734	437
 5 -7	 4.96173 -3.89636	438
 5 -6	 5.06327 -3.00806	440
 5 -5	5.12867 -1.9439	441
 4 -5	 4.15751 -1.90984	442
 3 -5	 3.11765 -1.95186	446
 2 -5	 2.13855 -1.93808	454
 1 -5	 1.18273 -1.92911	458
 0 -5	0.194915 -1.90935	464
6.12323e-17 -4	 0.183447 -0.943919	469
1.22465e-16 -3	 0.206352 0.0805321	472
1.83697e-16 -2	0.217382 1.03224	473
2.44929e-16 -1	0.19895 2.07044	475
3.06162e-16 0	0.19261 3.07853	476
          -1 -1.22465e-16	-0.818914 3.10044	477
          -2 -2.44929e-16	-1.80788 3.09715	481
          -3 -3.67394e-16	-2.9101 3.07156	487
          -4 -4.89859e-16	-3.88561 3.01062	494
          -5 -6.12323e-16	-4.85327 2.95217	499
-5 -1	-4.81547 1.93549	504
-5 -2	 -4.7625 0.886434	510
-5 -3	 -4.73031 -0.143666	513
-5 -4	-4.61619 -1.09508	522
-5 -5	-4.52705 -2.09383	527
-6 -5	-5.46618 -2.18551	533
-7 -5	 -6.4605 -2.26311	538
-8 -5	-7.46617 -2.39465	544
-9 -5	 -8.5028 -2.53977	549
-10 -5	-9.45898 -2.71627	555
-10 -4	-9.63683 -1.67142	558
-10 -3	 -9.77061 -0.674989	563
-10 -2	-9.84053 0.290593	569
-10 -1	-9.98634 1.32432	576
         -10 -8.88178e-16	-10.1033 2.21749	581
         -11 -1.01064e-15	-11.1292 2.19609	589
         -12 -1.13311e-15	-12.1806 2.09408	593
         -13 -1.25557e-15	-13.1789 2.03438	595
         -14 -1.37804e-15	-14.1791 1.95958	601
        -15 -1.5005e-15	-15.2048 1.92268	609
-15 1	-15.203 2.90913	614
-15 2	-15.2058 4.0284	619
-15 3	-15.2351 5.04371	624
-15 4	-15.2992 6.01848	630
-15 5	-15.3269 7.10826	635
-16 5	-16.2604 7.05019	641
-17 5	-17.2863 7.01524	647
-18 5	-18.2561 6.98197	653
-19 5	-19.2557 6.96878	660
-20 5	-20.2181 6.9292	667
-20 6	-20.3781 7.92984	671
-20 7	-20.4795 8.94094	676
-20 8	-20.6211 9.97224	683
-20 9	-20.7287 10.9819	687
-20 10	-20.8931 12.0725	693
-21 10	-21.9264 11.893	699
-22 10	-22.8972 11.6453	706
-23 10	-23.8874 11.33	710
-24 10	-24.7584 11.0545	717
-25 10	-25.7355 10.7027	720
-25 9	-25.4545 9.79255	727
-25 8	-25.1243 8.82189	730
-25 7	-24.8407 7.89534	737
-25 6	-24.6573 6.92798	743
-25 5	-24.4703 5.99927	748
-26 5	-25.3904 5.79158	753
-27 5	-26.4132 5.58536	759
-28 5	-27.3858 5.41143	765
-29 5	-28.4156 5.21323	770
-30 5	-29.3711 4.96352	776
-30 6	-29.6992 5.92208	782
-30 7	-29.995 6.85478	787
-30 8	-30.2612 7.76586	792
-30 9	-30.5413 8.65791	799
-30 10	-30.8584 9.67012	804
-31 10	 -31.88 9.41251	809
-32 10	-32.7882 9.15766	814
-33 10	-33.7385 8.89585	820
-34 10	-34.7175 8.64223	826
-35 10	-35.5703 8.39606	831
-35 9	-35.316 7.45349	835
-35 8	-34.9693 6.38801	840
-35 7	-34.6377 5.43118	846
-35 6	-34.3608 4.55413	853
-35 5	-34.0592 3.58346	857
-36 5	-35.1181 3.27156	863
-37 5	-36.1299 3.0292	868
-38 5	-37.1421 2.74622	874
-39 5	-38.1694 2.45778	879
-40 5	-39.1428 2.20923	886
-40 4	-38.9148 1.25725	891
-40 3	-38.6707 0.250904	896
-40 2	 -38.4476 -0.706377	902
-40 1	-38.2189 -1.59628	907
         -40 -1.77636e-15	-37.9504 -2.5662	914
         -39 -1.77636e-15	-36.9596 -2.26969	921
         -38 -1.77636e-15	-35.9363 -1.96426	925
         -37 -1.77636e-15	-34.9919 -1.73664	930
         -36 -1.77636e-15	-34.0321 -1.40454	938
         -35 -1.77636e-15	-33.0675 -1.06645	942
-35 -1	-32.7694 -2.02634	948
-35 -2	-32.4695 -2.85636	953
-35 -3	 -32.135 -3.79036	959
-35 -4	-31.7751 -4.71139	963
-35 -5	 -31.452 -5.57065	973
-34 -5	-30.6123 -5.21577	976
-33 -5	-29.7696 -4.84802	983
-32 -5	-28.8141 -4.50061	988
-31 -5	-27.8691 -4.15264	993
-30 -5	-26.9925 -3.79582	999
-30 -4	-27.3967 -2.85861	1004
-30 -3	-27.7962 -1.92431	1008
-30 -2	-28.1833 -1.01596	1015
-30 -1	-28.5889 -0.03824	1020
         -30 -1.77636e-15	-28.9502 0.960758	1026
         -29 -1.77636e-15	-28.0601 1.36151	1032
         -28 -1.77636e-15	-27.1132 1.75868	1037
         -27 -1.77636e-15	-26.2546 2.12176	1042
         -26 -1.77636e-15	-25.3016 2.51259	1048
         -25 -1.77636e-15	-24.3429 2.86081	1054
-25 1	-24.6849 3.80531	1061
-25 2	-25.0685 4.72657	1064
-25 3	-25.5056 5.66634	1066
-25 4	-25.9191 6.54348	1068
-25 5	-26.3116 7.38236	1069
-24 5	-25.3291 7.82867	1070
-23 5	-24.5359 8.24149	1072
-22 5	-23.6242 8.74945	1074
-21 5	-22.808 9.30208	1075
-20 5	-21.9674 9.77171	1076
-20 4	-21.4362 8.87604	1077
-20 3	-20.8603 7.98951	1083
-20 2	-20.306 7.13501	1086
-20 1	-19.7957 6.32459	1093
         -20 -1.77636e-15	-19.2289 5.47356	1097
         -19 -1.77636e-15	-18.3857 6.00265	1104
         -18 -1.77636e-15	-17.599 6.48793	1107
         -17 -1.77636e-15	-16.7631 7.02228	1109
         -16 -1.77636e-15	-15.8246 7.60216	1112
         -15 -1.77636e-15	-14.9452 8.18752	1113
-15 -1	-14.3663 7.34502	1114
-15 -2	-13.8178 6.48971	1119
-15 -3	-13.2866 5.70878	1122
-15 -4	-12.6339 4.87825	1129
-15 -5	-12.0045 4.06304	1134
-14 -5	-11.2021 4.69321	1140
-13 -5	-10.4232 5.33183	1142
-12 -5	-9.67327 5.97152	1146
-11 -5	-8.90745 6.6636	1147
-10 -5	-8.20287 7.35006	1149
-10 -6	-7.42638 6.55338	1150
-10 -7	-6.74402 5.8046	1151
-10 -8	-6.07461 4.96691	1152
-10 -9	-5.52358 4.24798	1154
-10 -10	-4.89634 3.40382	1155
-11 -10	-5.73259 2.71369	1156
-12 -10	 -6.526 2.05515	1158
-13 -10	-7.29081 1.44368	1165
-14 -10	-8.07752 0.893526	1169
-15 -10	-9.00978 0.264466	1175
-15 -9	-9.59185 1.10708	1180
-15 -8	-10.1245 1.92395	1185
-15 -7	-10.6392 2.75961	1187
-15 -6	-11.1509 3.52673	1188
-15 -5	-11.6475 4.38759	1189
-14 -5	-10.8003 4.9304	1190
-13 -5	-9.90992 5.50044	1191
-12 -5	-9.08934 5.97315	1192
-11 -5	-8.29083 6.47077	1193
-10 -5	-7.42092 6.98503	1194
-10 -6	-6.91258 6.10974	1195
-10 -7	-6.44931 5.26682	1196
-10 -8	-5.9536 4.34658	1197
-10 -9	-5.45477 3.48955	1198
-10 -10	-4.90162 2.60417	1199
-11 -10	-5.73415 2.06723	1200
-12 -10	-6.64413 1.49672	1201
-13 -10	-7.39582 0.988151	1202
-14 -10	-8.22212 0.339079	1203
-15 -10	-8.97808 -0.22513	1204
-15 -11	-8.29977 -1.06847	1207
-15 -12	-7.65105 -1.8381	1213
-15 -13	-6.96056 -2.54241	1217
-15 -14	-6.27732 -3.30654	1221
-15 -15	 -5.6293 -4.06805	1227
-16 -15	-6.31228 -4.68716	1230
-17 -15	-7.05378 -5.33294	1237
-18 -15	-7.84071 -5.95941	1243
-19 -15	-8.68805 -6.58979	1249
-20 -15	-9.58173 -7.19725	1255
-20 -14	-10.1958 -6.32939	1259
-20 -13	-10.7733 -5.48783	1263
-20 -12	-11.3212 -4.62261	1271
-20 -11	-11.9895 -3.72611	1276
-20 -10	-12.5644 -2.95988	1282
-19 -10	-11.7662 -2.3953	1287
-18 -10	-10.9183 -1.88064	1291
-17 -10	-10.1147 -1.3977	1292
-16 -10	 -9.20379 -0.841176	1293
-15 -10	 -8.33918 -0.328283	1294
-15 -9	-8.86435 0.485652	1295
-15 -8	-9.39956 1.39473	1296
-15 -7	-9.91494 2.29348	1297
-15 -6	-10.4053 3.25026	1298
-15 -5	-10.877 4.23277	1299
-16 -5	-11.7119 3.78562	1300
-17 -5	-12.6237 3.28721	1305
-18 -5	-13.4516 2.78021	1310
-19 -5	-14.3002 2.24943	1312
-20 -5	-15.1595 1.64664	1321
-20 -4	-15.6969 2.4358	1324
-20 -3	-16.2293 3.26058	1328
-20 -2	-16.6968 4.0612	1330
-20 -1	-17.1431 4.89804	1333
